1000
449
-851
132
-14
-202
401
-287
545
446
389
-370
11
-615
-90
354
586
-798
-836
299
-796
382
-138
-913
523
282
-505
773
147
770
866
-965
388
-197
-893
971
971
351
-557
348
-796
-79
927
-715
685
-387
508
22
227
-386
-43
962
685
-199
944
-974
-202
-476
889
51
-784
-454
83
-57
347
372
-63
-366
-82
-718
-306
-164
515
-690
788
761
-269
-606
632
464
-852
-68
717
521
779
-589
-102
-383
-159
-510
760
-514
-708
164
313
-388
823
-338
689
-149
1000
-404
805
-242
-774
-493
849
-445
-147
426
-139
895
-515
733
531
-924
354
-356
-695
614
-393
-658
-361
-409
903
95
-161
-654
944
663
758
162
600
307
312
823
399
782
85
153
-428
606
982
569
-871
913
-877
-368
-83
878
-932
238
-954
-792
-470
-639
721
-409
-450
-401
-681
-693
-656
593
518
41
185
-401
638
-561
858
-813
-604
668
572
77
-218
-866
845
950
-740
-573
741
-800
512
-414
-995
840
-722
814
541
-165
-834
206
-903
209
-259
545
-645
901
960
60
530
-129
-382
-946
-389
764
482
441
969
624
251
-892
-505
343
245
-904
-838
-750
714
573
222
-64
-943
942
459
442
-13
393
538
-8
809
403
-212
898
-677
486
-845
651
-393
-189
639
-764
761
-143
896
-362
-247
-62
435
889
-31
-603
-996
421
-829
310
-802
-150
-610
-320
133
-41
-571
-202
-472
255
240
-669
446
942
218
981
-114
908
220
-335
-69
365
-439
-470
-289
305
511
-804
-21
362
297
341
-765
-169
73
-525
-929
-452
25
479
-313
427
703
-65
203
580
530
-24
672
-168
987
-530
550
-892
-587
-718
-195
-574
671
315
-431
35
171
-728
270
-789
-317
958
1
384
8
147
566
-251
-657
-565
996
-128
492
139
110
702
173
-614
293
440
819
379
-783
688
-227
-975
17
-817
-998
-102
583
460
-527
-647
598
-121
-662
147
351
-476
-424
513
773
-285
793
-553
-221
-893
666
755
973
-495
-208
-871
-43
695
-529
-1000
286
697
-850
608
955
775
-382
98
-917
-895
668
795
-453
-557
600
354
210
581
-115
618
665
-117
741
-883
98
-783
-609
-52
-599
556
965
-147
453
217
651
437
-353
921
-248
-960
-927
535
171
890
886
882
765
548
614
944
881
686
-597
-340
-450
573
-763
30
-976
-694
660
554
888
-662
-213
-770
707
249
-94
752
-722
354
-702
-273
-935
29
-381
-891
-1
179
208
434
-55
-572
-434
-532
-207
659
322
-834
240
-723
-479
-886
-634
427
-84
-974
-600
-306
73
-306
636
-437
702
820
674
918
-36
-283
-279
213
445
-697
866
-203
-81
-14
-235
786
800
634
99
878
710
-19
584
-947
-424
259
452
-147
611
-929
-615
-533
287
-240
-238
-286
563
991
-480
-745
44
-747
631
-73
802
-536
775
712
692
-454
896
-407
297
-400
605
405
536
-358
171
-4
193
-549
-764
342
635
-987
-288
-71
-199
-357
-433
674
13
-34
-555
-472
745
839
-396
612
155
-161
-891
-694
839
846
-328
-883
349
-249
541
165
-344
551
736
-105
-201
-553
-265
-299
-647
153
199
577
-524
-135
-555
141
343
-878
546
729
95
-914
-84
214
15
-290
-756
-659
-63
20
-657
281
-702
574
948
649
958
-726
404
-429
252
147
400
348
-259
-294
-104
-723
673
971
-623
801
-494
957
-264
-98
-35
124
947
-34
-798
-871
89
-671
-579
283
-230
-663
-929
221
60
170
609
-131
259
-894
160
-289
-199
416
467
769
-634
1000
907
928
252
-353
-832
-464
841
754
-263
772
540
719
449
-259
183
-132
-579
-864
964
189
-790
662
-523
-389
-802
758
317
-568
-981
884
86
-515
-142
310
-19
-954
-920
-443
-792
162
-570
474
-145
-551
602
357
407
983
-632
257
-987
-49
217
-499
-499
990
623
-584
436
69
160
-558
97
-121
368
-728
-54
-169
632
-122
-312
560
-403
69
-966
934
965
764
882
-752
-889
-902
80
142
466
-26
-730
-387
-45
46
-83
135
114
-364
458
-493
-948
-977
-31
192
-449
-595
121
-636
356
-67
-158
-120
822
503
-367
48
668
-852
211
-425
2
-336
-256
-70
-87
23
710
-719
428
403
542
967
-568
-786
-53
80
116
257
670
-460
274
-962
-205
-599
809
924
-885
319
-938
440
-713
568
-902
119
-486
420
-582
650
-304
482
210
686
344
771
35
924
-329
239
-599
332
33
340
774
-404
941
209
-52
-868
33
572
381
489
16
-70
-433
31
-270
-231
524
23
-286
-457
741
-243
-108
635
840
266
259
-752
769
-289
493
906
892
55
-435
661
126
294
73
890
-202
334
-739
218
701
172
384
-608
-341
202
-391
-338
231
-991
586
-254
493
557
-592
-865
-453
869
388
734
374
-235
-850
604
-643
-97
236
-660
409
-882
649
436
-248
346
916
674
-167
-954
-605
344
454
-701
907
-440
-48
719
-374
129
483
989
-437
373
571
333
932
-478
-440
277
604
979
-91
-445
627
-976
-206
710
546
844
251
-663
47
-434
419
-734
506
-545
766
-463
-810
972
-805
115
277
56
-778
895
70
290
159
172
572
591
-666
-937
-52
-322
676
-500
512
-3
-590
-870
-833
-406
-543
756
634
330
874
182
-839
-556
-731
-732
413
335
-428
733
424
-792
449
-893
-806
298
-570
610
849
