10000
-8561
-3903
-9972
6529
-902
1965
-9853
-3270
8039
-5198
3140
4258
9376
-8847
7202
9417
7914
5609
6672
3490
6562
6658
8789
8627
6965
-6575
-9084
1415
-7052
8856
8554
-2940
-9163
-9659
801
8976
-2232
7374
-7597
-8671
-3243
2975
-832
-7923
3056
1365
9261
-1518
1986
710
-4949
9926
302
7327
3583
3915
9684
-9155
-3509
1217
-2086
2140
-1163
-2670
-5665
1449
-9128
1952
4382
-1244
3056
-9402
-2325
5988
-1846
5722
-9415
-4954
6244
-7812
7880
-9692
976
130
8535
-8999
8996
2235
2166
-8719
1078
7597
8121
4693
-998
-4347
8028
-9399
-1387
8813
-9560
-9260
-6417
5818
3741
8423
-6394
6
3017
-535
-989
-4565
8714
3608
1814
1143
-2367
7271
9640
200
-7687
8826
-5860
4221
-2520
-1222
7533
-8974
9766
5558
-4433
-6994
2089
7956
2805
-3788
5517
2896
4120
6340
8486
4385
5325
840
8545
-6753
6549
-5378
-141
9234
-1834
-9169
-6740
5071
1905
838
-2152
4297
2989
-5224
-3682
-3169
-1137
-9052
5253
6029
3731
-6441
833
661
9539
-280
8148
2095
3743
-4643
7699
3707
9258
7609
6726
-9735
-2105
3099
-2840
5609
2068
-5649
4756
-4276
5249
-931
-4703
-8985
9133
7660
-6478
1304
-2539
-3799
-3518
-6393
738
1434
1708
-3025
119
3
-2066
8422
1538
-262
915
-2693
-9958
9105
3427
479
9728
4124
3457
-2956
-5184
4418
8429
-2227
4882
1603
-596
-6437
4657
-7264
-6038
-1916
8230
-3112
-8118
239
-4713
4406
5045
-6781
-5799
9653
-6289
-2878
-9236
517
7855
-259
-4828
7333
-5166
6512
-3521
3335
900
-1017
9804
-8593
-558
3383
2378
-6931
-2495
5185
2762
-8149
8352
-875
-3017
2241
-9291
-3616
8649
6528
-8361
5226
8215
-4332
-6947
-7765
4491
-501
-5402
-6417
4803
908
-4833
8612
8378
8588
7986
-9652
4774
-5161
-6567
-1796
2363
9951
5754
-1612
5196
3955
5176
3390
318
1702
1759
8621
810
340
3154
-5787
-4393
1088
4550
7047
-9899
5104
5677
-4162
-8104
7809
-3668
1547
6212
6979
1962
-3760
3906
-9085
-6990
5986
620
5296
1039
3125
-2491
3099
7595
-4818
9297
3619
9178
-9945
6872
-8977
1042
-9967
-2379
-5469
3798
1425
6939
-5844
3801
-6593
-4022
6668
1579
-7902
1234
-2558
8480
-3797
-1616
2772
-1951
-7040
2197
9695
-6753
-5648
1222
4636
-722
1588
-1886
-4782
881
2398
3452
-4430
6285
1421
-1151
5638
-9270
-5376
-319
8079
-5137
2049
8325
3984
2498
6296
1024
7706
9272
8192
-5907
-5372
-5572
6515
-4645
-8822
3550
428
8894
-2596
2919
-4762
-568
-541
6254
-3960
-2610
7425
-9783
2836
-520
-650
6979
7567
6463
3648
-6112
-7831
-689
6399
5168
9676
-9453
-8415
1593
1842
804
-1297
-3780
-851
-7757
1913
2991
-7026
4633
-9767
8887
-3129
-854
-7506
-7837
2397
-8524
-5493
-3565
9831
6078
1905
-5851
-3093
-9124
6611
8366
-271
-7729
-9751
8864
-825
769
-4984
-5239
-8510
-581
3042
1728
-3630
-1033
6553
7097
8288
-339
630
-7350
8949
2742
9629
-4977
-3956
-9227
6808
-10
7227
6922
3194
6126
-5293
2908
4766
-8943
3698
9754
-563
-5815
1568
61
3873
-7928
355
5447
6213
-168
-5846
4877
6370
-632
-2661
-9008
-8462
-7545
1417
5880
5565
-3626
-8608
-5431
-5502
-8240
-4136
7191
4467
-1403
5
-1476
-7734
1116
392
3418
-3420
3453
8786
3966
9010
-359
-1416
-6543
3685
-8857
2014
2297
9571
-8570
-101
3320
-1277
8725
3516
6708
9330
-2555
8452
-7640
6249
-8044
6610
7341
-4573
6291
-2290
5657
8901
-783
9114
-9554
3443
-6533
-8560
-3783
4038
8998
-9888
3953
8454
1648
4711
-7916
-3320
1742
877
4600
1802
-9708
9287
3478
8006
9091
2844
-9056
2094
6906
-2896
-2524
-8016
9433
865
-5486
-1351
-8066
-6093
-5503
3341
702
7639
4576
4557
8071
1878
-2112
-939
3528
-2098
5962
6241
-8187
-8359
1490
7794
5115
-3976
-7009
-6804
5372
-9345
-8931
-9649
-7069
-9465
1179
-3099
-5467
-89
7273
1646
6945
-839
6262
-6629
9626
2441
-2332
-6320
-8209
-2924
-8906
3444
389
2081
-3832
-1265
-7171
-138
-2268
1580
-6225
-4615
-8305
-6354
-1946
8845
-4960
-852
-8379
-2465
-3642
-3585
8042
-7400
-4642
6338
-9699
-7156
-8294
-7146
-4101
5060
756
771
-6205
6238
5227
-7956
5064
8286
1466
7584
6621
-8372
-3531
-9425
-2299
-4653
-3548
-2782
2586
-4326
-1886
1568
-8257
4848
856
-4680
9029
-4149
-694
7366
-4749
5516
-817
-5131
3051
-6915
920
-7737
-6187
8834
1472
-6220
7111
-7626
6405
-8694
-592
8439
7002
-1591
4173
2222
1304
-164
-4563
-6101
6299
3346
6748
9165
1976
5165
9408
-3923
3726
6193
-8689
5245
-6659
-8632
9744
-3424
-3136
3190
1846
2908
8194
8184
8661
-422
3285
-1582
-7038
-1140
-7446
7571
5120
-5853
76
5348
5448
6010
-4927
8524
-4863
-9758
-5000
-5533
-8217
-104
-3955
-9517
4224
-6257
-2478
5437
7550
-2835
-6940
-752
1022
-4449
9750
-3540
6959
8920
-4566
-6780
2658
8411
-2911
9355
319
8885
3011
-1800
-4123
4638
4682
1544
1645
-6202
4407
3069
8762
-688
9449
2234
-7045
2576
8979
8824
-8222
7378
1854
-9079
-3784
-7642
-3241
-5857
9265
1906
2989
8986
-6183
-684
621
5051
4319
-2338
9307
-7050
8923
-4868
-958
-5718
-1315
-7479
9421
8798
5268
-7613
5964
-7336
-5859
-5727
-5788
4081
3434
345
-4034
9993
4820
-7484
-9885
-7839
-7458
5186
100
1236
1019
5593
1666
4416
685
1904
-4116
-165
2879
-4963
-6309
-4589
-4720
3287
7108
2223
9202
701
2908
-155
7720
5882
-3337
-8310
-9548
-7441
3781
3753
7714
1365
-8662
-9048
-6796
2825
7544
6738
-9726
849
-3307
5500
2513
-2452
-1346
-4443
5920
-3775
-8717
1430
-51
3117
6655
-7253
-7160
-4187
4439
7886
9582
-2263
-8067
-9916
-7405
901
1207
-9777
-3906
3555
9982
-2924
2784
-2563
3583
-1126
1898
-9211
-5935
-445
788
-5348
-2943
-2238
-1921
-6191
5996
-1983
-6586
-1542
4280
7948
6129
5364
7423
-9776
8103
5334
-287
-6673
6184
6011
6214
-1461
-9584
8417
5844
-1435
3021
1042
-7456
8645
4491
-3273
126
-1751
945
513
-9663
-4727
1585
-1373
-5870
5171
1985
5620
-3867
-6908
-3907
4243
-3068
1846
6513
8651
7821
-3333
-4207
-4627
2723
-979
884
-3028
-5338
832
3343
-7711
5960
-1109
-8715
8604
-1408
1052
-3452
-9539
-5025
-7949
2107
121
4179
9177
-7100
8561
-7880
-4284
8718
-2769
6360
5108
3983
5360
-8144
-9688
-480
8793
-3093
3811
-9799
-7548
-586
-4728
-4162
4005
8386
-7411
1958
673
-9549
-9505
-3722
-9186
6737
1047
-7885
-8487
2655
-2009
7840
-9553
-1491
-3610
2797
61
4173
-6122
3516
-7388
-6905
2933
6538
5357
-8286
6604
9934
2793
796
-1049
-3105
-8476
-2271
-2701
-5858
119
-1927
2698
4968
1735
7121
-8208
-173
3339
-4381
763
5860
3068
877
-9398
1670
550
3620
478
9716
-6504
22
-8120
-6934
1654
1774
-4435
-5322
7805
9657
313
-1355
6931
9528
8483
9137
138
5554
6405
-5985
916
-7647
9153
2875
-5432
1921
-4224
1648
9750
1925
-7369
1574
-4477
-9986
349
-5962
-9265
-931
1023
-6035
-3311
7904
-7127
-4618
2263
7897
5797
5406
-509
320
6289
2323
6208
-5128
4829
9117
-1842
2128
-8948
-5945
6343
-3182
-5109
-9558
-1634
-1352
8877
2689
-5299
3277
-4440
-1445
-8808
-3874
8042
9714
2881
-1524
5654
-2907
5857
-3974
927
-7054
-1221
-376
5422
-6913
6767
4291
7903
-2141
8996
-6500
-272
-5508
932
-9527
-5424
2990
-7600
-6509
3734
-1574
-9162
1394
-8191
-9010
-6820
299
-8026
2227
-5312
7906
770
-544
1124
2218
-6439
-3196
-8071
8021
-5438
3582
-6170
-9999
-9087
-4341
9055
-3506
2016
9793
-9629
3319
2241
-1788
-8864
-8985
7393
-8228
5038
8654
5918
-5791
-157
-6578
934
6105
6570
3693
-8548
-5385
-935
890
9240
-829
-102
-4031
7692
-1568
1667
8565
8885
3214
8339
-8306
-7877
-2187
-6924
5381
4310
5913
7883
8211
9047
-7002
-3233
6383
4198
3708
-9111
-8201
5998
-6557
-8652
-9480
-5363
2934
9948
5798
409
-8146
-1532
-6602
3613
-5611
-6591
-893
9520
2356
5791
6694
-5190
4341
6757
-5136
-9576
-4278
1969
-4574
-3058
-3798
-7021
195
-8380
7627
-7955
-8676
-5980
9815
5449
-8080
-3520
-296
-387
5525
4194
-9843
-1808
2249
4690
9494
1601
2950
-795
-6392
5017
3772
-2808
-2234
-3442
-834
1782
7916
6850
451
66
-8001
1674
5514
6468
-6203
-4904
1743
9824
7470
5885
-8142
-7507
-8340
-1568
-4572
5680
6194
4494
-6220
-8652
6127
-9288
3194
7657
-9492
-6869
-855
5036
6744
-9107
8732
1296
509
6545
-8751
-3863
5036
4811
-1043
5618
2742
-9480
-1661
1189
-7403
-8813
-3431
740
-9062
4160
-1195
8846
7707
-5898
-2170
-820
-5450
8955
-165
2457
1385
2297
-1821
-9062
-7943
-2135
-1590
-5692
-3837
6165
8501
5163
-175
5836
-3507
-5337
6626
-325
2057
-3264
8816
-4338
-5558
-673
5589
-3272
-6718
-2991
6997
-4932
-5992
3132
5853
-9326
-4596
-1362
-8567
9483
-304
-328
-8988
332
-1212
-8276
9734
-7703
3811
7076
-4398
8842
-2773
1743
4228
-2581
-2410
-9415
6307
-4750
3934
8371
-3348
1249
-4757
5683
-8307
7585
-7694
-5751
7683
3170
8821
3116
-2463
6705
-7945
2
-8717
5114
1462
-593
5239
-8842
-1259
6243
1240
3831
-1486
-3265
-5937
7398
2943
-2967
7337
-2284
3220
6185
3747
8651
2181
1442
-8354
-1187
1459
2066
9351
-7179
-5896
3886
-6273
-5569
5272
-1265
-7705
959
8128
-1704
3076
-7591
-2412
-8112
390
-8413
-4267
-598
-6479
2874
4590
-8848
1325
2126
8923
-7796
-6283
7389
4616
7746
-7567
-9401
-247
-8081
5746
1047
-2871
-8263
2039
-8388
-386
-7104
-7666
419
-8800
-4729
-1334
-5337
6018
-5042
-9475
-839
6145
-2563
-3877
-9189
7254
-9264
7663
-5000
1849
-360
-7038
-5600
-5704
3875
5451
-6512
-9996
6606
-1865
-4157
-9975
6842
6931
-4555
9223
-6674
4703
7749
-6815
-3925
2885
4568
-713
-7155
-8983
37
-7462
-9529
-7712
-2853
2654
-6359
1014
6649
-7997
-2035
5631
6099
-8216
1905
7147
-4510
-7042
-8
-437
-5435
2319
-6443
-359
9369
1798
-6012
8535
6842
6057
5122
-3533
287
5032
-8918
3587
1349
-1592
5677
660
7054
-6682
-986
7347
-9871
-2762
-9937
5263
-1168
8598
-8025
-2956
-932
7604
7458
-9985
8256
126
-5105
9827
-7393
-9726
2177
7237
4055
-4357
-7633
6896
-2871
-4449
128
-895
9444
1890
7508
267
-3315
-2847
1309
970
8204
-2973
-2867
3344
-3257
-8939
2209
-8359
-8657
8582
2559
-4672
-1676
4095
6491
4357
1038
9463
-8493
2894
-3170
-6174
5253
-4604
9561
636
3879
-8335
-3441
73
-4004
3052
3584
5002
-3571
1175
-8676
9476
-7138
4782
-5489
-1584
-3611
4225
8616
2915
-2998
-5914
8192
9475
-5556
-1548
-1694
-1185
6264
-7800
9340
-9001
9520
-8696
-1673
-7065
8258
7517
5439
2679
-9707
-4433
-3909
2461
434
8699
5760
-9137
-4114
3645
662
-9245
-3879
8371
8971
-211
-7533
9688
-8552
9774
629
8531
-8476
-1215
-1903
-5933
-3264
-94
-619
-6945
-9568
-7850
2629
-5907
-9410
-4734
5802
-3428
-1073
-864
4024
2214
-5966
5849
-5305
2063
-2071
-7034
-3317
3186
3522
2431
-5803
8105
4369
270
4011
595
-5596
-8115
1940
4217
-6928
1142
9338
4170
4710
-7125
1921
-8003
7589
384
-1182
8684
219
8374
-1621
-2832
5527
1163
-7604
515
-9848
2185
-2188
7748
8948
3617
1337
9700
-9820
995
-9720
-9318
-2468
7689
-2988
4364
-8226
-2278
355
-561
7797
3967
6452
-6308
-4466
-3301
4660
-6556
-2022
-4251
2221
1583
3514
9537
4306
-5282
-991
-1110
3164
4800
-8535
-9464
9315
7193
-8613
-1683
199
-1693
-2848
-76
-5708
782
8112
7715
6160
8747
-6177
6575
1714
4307
-4736
-6671
6150
-8061
1635
-27
-4476
-1490
5541
6990
4255
5623
350
-2695
1839
-945
6713
3997
2808
5478
-1119
-4449
6510
-1898
2197
-1853
-6264
7699
-9832
4486
8069
-4468
2792
-9432
4897
1560
9062
-2725
1307
-2187
4379
9827
-6722
-7125
-6576
665
-5194
6423
-4182
5571
8926
9007
4177
9594
8731
-6494
-8819
9965
7774
4012
4701
4282
-3404
-8320
1545
4637
-2669
7316
-3558
-830
4326
-1347
7609
8714
-8263
8301
1266
5503
-1304
-2101
4656
-6223
1386
4550
-3641
-5131
9913
6303
3340
8324
-4156
-7641
749
2943
2343
886
6988
110
-714
2836
-9431
-891
-3037
5354
-741
7841
1584
5473
3906
-6636
2442
-8571
6548
-4825
-2641
1976
5328
7036
-632
-3170
8468
3102
6132
-9187
-7414
7821
-5016
-4532
3574
-6194
-4086
-2599
1114
-3018
-9873
7114
-7329
-3382
3828
9277
-5085
9030
8133
8811
4626
-8522
6396
5909
-2078
-9412
8672
8318
-5366
8925
5398
8452
9440
-9292
4358
-7223
8143
-5166
3823
-2050
8067
-699
-2077
4546
-5180
-3308
-5437
-1
8363
7789
9471
-4760
1123
-3625
3056
8484
-4421
-3236
-5458
-6296
9288
8039
3575
7393
2340
-5018
8148
-3935
-2628
-7785
6906
9894
8325
-6003
4953
-4069
-887
761
-2259
-3585
5860
9605
4464
1536
2305
-6639
-560
-5356
-5162
-9234
9100
-3039
-9978
7919
8565
1143
-1955
5815
-7770
8894
3178
-8693
4463
-5901
-3579
-8242
5104
-3871
2796
-2773
-5232
-6837
6556
7886
7236
-4154
-4576
2369
-4521
-9647
-9848
-7522
8734
8427
-2347
-7168
3427
3401
-9522
4757
-5252
-5396
-467
-9501
-9646
-1687
5957
-891
-6348
6102
7808
-4345
9660
-4315
2591
2617
178
3072
8973
-583
2524
5489
-2237
1907
3959
704
5669
7136
-9808
6764
1318
-6656
2921
-3107
-2766
2430
2111
-1913
-4025
2958
9195
1297
-9840
1159
7248
1199
6460
2371
7150
-9328
-6315
5986
3925
-3523
2174
5394
-7909
-1516
-4504
2024
7274
5965
-2639
-2418
1732
-9941
-376
-8223
-3269
-3556
5374
3822
8847
-3273
4186
5372
-6723
9229
-9912
-5332
-5060
-8522
-8588
9936
-7811
6457
-5780
-28
4575
6595
7736
-215
-4522
-9319
7213
5297
4373
-4843
8953
400
-4001
-416
-9660
5857
-540
7046
-2073
6882
2429
-230
-7207
-7015
3892
-8548
-9343
1170
6965
4181
-1354
4305
1078
-9040
-6409
8538
-8240
208
5416
9780
-7569
2941
-6346
-4720
-5900
518
1950
-1467
-6189
2051
329
-8259
-4482
4530
-8163
-4905
-167
-5118
5788
-4275
-2611
5474
2667
4800
-4090
1606
-4730
-3240
-8806
1174
-8059
-4742
4820
1498
-8182
-5065
9639
-4910
-4641
-853
-1493
-5847
-8765
-5557
-6871
8703
-9018
4094
6256
7042
-9184
-2052
-7734
3157
-4505
-5511
2223
8124
-9841
3126
8364
8693
2456
-8971
-5484
5686
943
-8466
6479
-3751
-7921
7657
9855
-2065
-5477
-4630
3441
-8404
-8983
4704
4902
-4476
9145
2630
4410
1224
-5789
8035
-9803
1055
9590
-4755
-8619
-6217
-2222
5405
-4663
-3085
8777
6040
-6436
3440
-9998
89
8424
-7475
9934
2744
-4162
-6289
3736
3117
-395
4835
2194
-9915
4988
8590
-953
-3520
-6624
6219
932
4605
2618
-2573
87
8434
8482
6016
-4152
6965
-9877
-1338
1431
4603
-4639
380
-5052
3361
6712
9936
-6045
3517
9481
6612
-7451
-3372
6138
-7176
7468
-2717
4500
-4826
7316
8148
3905
9586
-2755
2566
8950
7969
5990
4135
-6034
-1567
-2734
-4066
-180
9971
6264
9374
-9566
2452
9315
3094
4110
-257
650
-5326
7349
1688
7131
-9014
4617
-5532
-662
9597
2866
671
3745
-9826
4842
-2168
-2359
3813
5087
-6382
-9546
-3083
1863
9051
-1803
6743
9890
331
7278
-4444
1753
8518
8889
3755
-8188
5519
7609
9170
3957
-3457
-9467
6511
7724
-4694
-8575
4800
-232
-6032
8666
-4834
-5811
6853
986
-7424
8939
2193
-3464
7128
-5086
-7735
-4528
3678
2892
-5282
-1007
-4415
-4866
-7262
-1931
9386
-8453
1771
7925
-6612
4511
-4499
-1256
-2311
-1647
3569
-5738
8163
-1913
7869
9188
-7446
6028
2819
-61
-3522
-7573
7197
2103
8585
-9380
112
-747
-3350
-2753
-598
-1928
2595
-2115
3576
7260
9136
1158
1250
-3358
3199
7841
-6241
-7289
4363
-3851
-6493
-6795
-5174
-9144
-3062
702
-6189
9548
-6183
9168
5274
2326
-5654
7063
8644
-8164
-1904
1219
4994
1660
-2765
6648
-499
-2548
-1506
-869
-5348
-520
-4269
-5471
-228
-9434
-4766
-7324
4563
8565
-4032
-7879
-3739
7782
9541
8054
5941
-2248
996
5671
9320
-3914
-6577
-1594
3002
8227
-1527
8458
4286
231
8902
9253
-8802
-3897
-8614
622
990
-5545
5369
9588
1316
-3892
-561
-6372
-283
-4975
-9942
-6402
128
933
4486
-3193
2632
-5368
-4681
-6191
-8408
1944
4065
-2859
-4577
-1135
-8284
2855
9755
-3336
9968
127
-7698
-8825
-2484
7222
1874
-6629
-3613
1185
-8240
738
6319
2143
-1927
-4652
-2611
1971
8602
5305
-219
-8279
-8844
9162
-995
6044
2707
3012
6082
-5524
6048
-1338
-2435
-5687
1287
-3484
8690
4099
1944
8231
2014
-1703
405
4411
-455
8025
-8026
-5505
-11
5316
-4905
5933
-4185
2403
977
-7243
-9687
-739
435
3592
55
-720
-8329
9618
-9231
8409
2508
-6939
5072
-210
-8299
5556
-4277
7599
-2203
-7374
-2824
-2647
-9535
9615
9906
-8222
5725
2219
2326
3927
8597
1684
2345
9900
-7172
5831
26
7320
-422
-3329
2112
1161
-8707
-3030
5573
-2437
-272
-4595
8680
8482
-8411
-1732
-7949
-1922
2395
4935
2
7813
-702
2825
-8117
-8988
-4206
-7812
3690
-5992
-7677
5197
8411
8231
-7153
2468
6304
6331
1424
5884
4753
-2810
-4545
5659
-7432
5337
8779
9934
-2541
-3434
-5084
2018
4781
-3570
5148
-2104
7683
-2946
-9957
3019
7183
-3450
3288
-6150
3306
3648
3396
8135
886
8547
3281
-7018
4336
-5245
-9634
1936
8156
-84
-2296
2214
9474
4787
1396
-8101
-7129
-3598
5219
5520
-7138
5084
-5736
-6680
-4315
5251
-5203
1552
-1894
115
-8660
530
6214
9329
-4780
-3080
-6274
-5027
-5739
-9810
-4328
4683
-2346
-7784
-6634
7939
3672
9529
-5996
8094
1046
2723
-216
-7657
8647
9139
-7132
-4026
495
-7968
-2299
3287
6633
-3039
-5510
-648
531
-2960
-6558
-9116
574
390
-4719
-7991
9304
1742
33
-2091
3790
4652
2800
8852
-3709
-6077
-4091
-7055
373
5244
241
-5375
-8584
-4137
2819
972
-6268
2761
9260
-3420
7158
-422
9989
-6481
-9952
-9954
7770
-6226
-5660
-9536
-7437
-8172
1773
7129
6114
-2315
-8487
3131
-6098
229
1597
270
9994
302
8839
8222
-5550
-8429
-5146
-2576
7289
6875
6282
4633
9606
-2203
7057
6091
3785
1723
-6079
-1736
869
3914
-3835
1006
-2150
-5973
1511
-6814
-7174
4883
3182
-7160
6094
7963
-4684
-1213
-2618
5994
-7810
-1725
-285
-7527
-2381
9833
6467
-2967
-6464
8679
5750
-466
9386
-9977
9777
5843
-2264
-1595
5005
3551
2728
5213
3448
-8187
-2208
-2422
847
830
6396
-8335
-3776
9520
6419
-9542
548
-9450
2024
-8659
7074
-3225
-7795
-2474
-8035
6957
-6419
845
-3507
9146
-4820
-2122
7387
883
-9908
-1317
-855
4456
-3836
3253
1791
-3727
-7013
4099
-5727
7218
8559
773
-6319
98
-5826
-8443
-982
-7162
-7076
-670
-2079
-3181
-5169
-7420
-1267
-289
8202
9938
-9590
-2530
3329
-6080
2931
8497
9645
-5673
5796
6358
-5955
7948
-2871
-8790
9018
-3736
6321
2293
-883
3493
2235
-8763
-4826
-2700
7268
748
6736
8613
-9594
-8388
8912
-3161
9944
2593
-5875
2881
-8245
-3585
4932
-2114
9753
-2961
3824
147
7135
-9294
7044
-1353
-6101
-7963
3598
2999
-7304
-5530
-982
-2715
-2035
2595
-3989
1597
-7880
8804
-6199
7542
240
6824
-481
-4778
3440
9370
-904
-6551
-8873
5754
-5374
-7847
-4648
2098
525
9579
3995
-2456
2896
4270
313
-8965
8469
-5696
-8676
1588
7764
6482
-7768
-6973
2848
-6752
9608
2285
-7683
7843
3892
386
6781
-2863
-8134
-2555
-7091
-629
-8937
2516
-73
-7409
6588
1619
-5141
-7716
-2264
-1828
6874
-2464
6104
-6659
-2821
-4739
1063
-7071
-6204
-6880
-1649
1691
1817
-9209
6822
-7947
389
-6433
-5307
8981
-2569
5554
-5000
-4859
-3290
-5025
5708
7720
-8005
4747
-6985
-1878
-7662
1594
-5750
4411
-2752
-5947
8294
7735
-3941
8857
2638
8618
-8273
4627
-5823
2655
-856
-8228
-6908
-2267
8500
7938
-4484
5841
-6986
4648
-6572
-9035
5410
-2907
2887
-1289
-8467
-8396
-9402
5834
-4607
606
6317
-6925
7284
4534
5496
8789
-8658
-5302
5253
-9220
-6692
-3298
-7091
7439
-3580
8339
1055
-7142
-3975
-5418
-7082
-458
-5434
-1888
-3672
3354
-1868
-1593
2416
-8963
8698
5515
5540
-5474
-7039
-3698
-7533
-9613
-522
-3945
-3615
227
9054
4136
4631
2162
3017
2386
-460
4931
-3204
-1814
-1763
5242
4340
6389
-4291
-2045
-5724
-3991
-1313
6853
5646
5519
-6391
-1793
1586
-8137
-4584
-9346
2436
2361
2220
1480
3615
-1339
3731
-1221
6323
5159
6780
2079
1326
9188
7976
482
-688
-2006
-9725
5216
7774
-9599
-5052
756
-6012
2528
7806
2746
-6471
-1403
-1108
7155
6618
-4314
-551
3293
6275
3775
-64
9386
3519
94
1310
8705
-9807
4337
3736
6165
1184
8838
-2197
7475
143
-2252
7563
-7417
-9313
6068
-680
2252
-4341
-8522
-7943
7889
-8100
-1650
-6779
-1837
-5755
-2598
3588
-8702
872
-9099
-3232
-151
-3112
455
53
6636
8578
4197
562
9863
7349
9538
-5813
6950
1860
4861
4224
-2582
2027
4817
2304
5882
849
147
-815
-2862
2290
-1836
-6649
9031
-173
8590
-6835
-3151
-9565
6444
-5035
-2303
1636
-7585
-6039
2926
-3687
2868
-1610
-9138
-3405
8873
9496
-4526
8945
7649
1115
771
-3383
2208
-3498
4199
4294
-8671
-4002
-2189
-6052
7161
1466
4852
730
-4201
-3594
-5682
-4092
-9800
-1014
-9004
6292
-5559
-4943
6917
1246
-647
-7906
7440
-7161
-4475
-6284
1439
2967
884
-7967
-8233
6962
4575
4561
-6268
-6005
-1512
3006
9517
4142
-6858
-6914
9116
8841
-4606
7016
5107
-262
-1138
3888
3383
4563
1508
-9397
3473
6948
-3424
-1835
62
-105
4867
-5887
-6321
1521
9940
-8553
9065
4924
2077
-83
-2708
8710
-5440
8236
8591
5959
2955
-9695
-9795
-1245
-6669
5018
6111
4702
5620
-3751
3287
9437
-9931
2125
-5352
4003
1721
9202
4936
2154
9789
-5451
6146
-6674
7384
9639
6390
-6684
-1357
612
-4478
-978
-9848
1772
4237
7062
2107
3532
-344
3974
502
-3482
-7079
-9621
-4987
-6007
-3794
3351
-7536
-7774
-8538
2165
-1817
-2421
2392
4244
1844
-3157
8875
8623
2123
9286
2496
-5378
774
-4940
-8203
7803
-2668
9941
7463
6529
3970
-2630
-5374
-5915
647
1331
7698
7693
-3824
8481
-6316
7617
-2171
-3164
6603
7232
2460
-7333
702
-2025
-1177
7254
3798
-8523
-2890
-2649
-7241
61
-8805
-1418
9388
2971
-8182
6110
9321
-3325
350
-8394
9145
9657
9665
-8463
-2157
-2843
-3626
-8053
-3993
1375
1602
-8359
-8706
7252
5479
-5929
8938
6589
5930
1647
6418
9981
-2969
-549
1048
-1447
6170
-4334
1099
7647
-9464
2185
-1890
-3467
-7155
6846
9875
5656
-9638
-7756
-10
4583
-9659
1987
-1563
9894
5659
6999
-9411
-5544
9170
7836
-9195
2920
-8584
-4741
5028
-2538
-7172
-1975
6298
-3024
-3295
-8735
3080
-2226
811
2182
8767
1851
109
2790
7892
-2577
-4260
9757
-8573
-5074
5376
7351
-6819
6910
1054
-8360
-7569
-4031
-7810
-1839
-1307
-4655
7634
-3423
8610
8809
-4103
-723
8467
6850
1149
-5639
5177
-949
5855
5776
5845
-5838
-9840
-4591
-5440
-2694
-2409
-9024
6502
-7295
6214
8374
-9800
-2506
6409
-9713
-4184
-4520
5483
-6301
-6884
1678
-3645
8893
4268
-8144
2618
-5845
-3797
4467
-2491
-9250
-6525
8365
-2156
-1992
-7793
3602
-9566
-1051
4748
-5672
2056
6609
-8362
9947
-7379
1727
7403
-4989
8305
1091
8508
6200
5856
-5136
-5582
5384
8826
-7683
5344
-1195
6768
1372
-355
4649
9599
4699
-5240
2251
9294
-253
3003
2590
-1644
-4322
601
6603
3639
8261
296
-274
-1457
1142
-3198
2585
-6607
1182
699
-1702
-2740
-4958
-4475
1892
-9875
-199
-769
6877
-1923
1295
4150
3211
-9437
9812
-3794
297
5720
6070
8045
8332
3423
-8323
-6860
-6987
-8741
4310
-2301
-2676
-7295
-7554
-2443
6134
-5621
-7431
-2614
-4242
8505
-8011
-8291
5751
-8015
5229
-1357
-2649
-3496
907
-8244
4704
-9612
-4631
3551
6877
540
8203
1986
9260
-1643
5260
6832
3722
1912
-9120
-3610
-9826
-4268
-2445
8163
655
-4043
521
7677
128
-5489
-6533
9799
3094
-5528
7008
8757
-7410
1872
9325
9705
-8897
-3637
7509
-9887
9249
-6259
3114
-8422
-322
-9213
-4477
9585
4483
4668
-8886
2281
6500
8509
6679
-5367
-471
-3473
4945
-1699
3958
7603
-3879
9475
4709
-3517
-7080
1161
9407
9680
-5433
-2972
391
6286
-6960
9681
-845
2335
-3280
7381
-2763
9772
6220
2811
-8113
6225
-4172
-4713
-3421
3852
9972
-7910
1928
4053
2889
-6495
5864
7944
-7516
1518
-8811
-4355
582
-8607
-8766
-2240
-4458
2990
7495
6791
-1845
735
-9210
9526
2566
-5841
5548
8482
-4139
-2913
6713
230
1914
-3040
1824
5569
-2993
4138
-9078
-747
-9293
-6690
-8874
-4865
-515
-4450
6071
8598
210
2398
2723
8125
2493
1020
-8878
-1197
8699
9974
-5447
-2556
-8209
-9396
4084
-2198
4483
8300
-6541
1666
-3204
2807
-9589
-4600
-5994
-6759
-1898
-3023
5258
-6527
3468
458
2799
-8566
86
9373
2898
780
-6556
-4441
-9657
6628
5005
8662
7626
-2332
-6334
-9184
1805
1584
163
3778
5967
-5108
-1293
3064
-6336
7294
-5680
1289
2284
-7858
121
7880
-5341
-1356
-3505
3635
-9414
5389
-6847
6802
6814
3145
-4170
1300
9463
-9800
-1353
7435
-5161
8811
1781
-1505
-6090
7458
6987
8722
-1840
-4089
7050
-5039
7095
-2280
2950
-5745
-1891
8468
9850
1832
390
-7943
-9086
-8294
6293
5923
-976
-4280
-2199
7082
-8247
5069
7853
8525
3545
8404
-2067
-4212
-7325
5324
-2480
9375
778
9587
-4503
-58
2465
3400
8992
-4935
7977
-4219
-2646
1934
9698
8637
-2782
4522
-7494
-4846
1737
360
-6573
-9585
-140
2566
-307
6964
3309
-5955
1348
4903
9313
-8808
225
4585
8756
939
180
1903
2298
8128
-8166
-2270
-2158
-6741
-9243
-3821
-4172
-916
6815
-5281
1122
1056
1142
-2611
-9141
-2509
-7085
-9613
-9009
8155
-4342
7196
-1724
-5079
1884
9960
-806
-6199
-2832
-4699
-2046
-1031
8048
928
8062
531
-1755
-8266
4183
4069
-404
-9696
9712
-5168
-7536
8571
-5935
2207
-6549
3296
8577
2655
9697
-5385
5250
-3621
9230
-6111
2460
6427
-8911
-3593
2545
-3618
221
7050
9971
-4748
9469
2908
-3506
-1648
1332
2612
-1708
2335
-1016
-3830
-758
7919
7660
7292
-4504
7756
-1919
-432
2440
-1036
4301
-263
5127
767
-3662
-1406
-4390
-1756
-4927
-1357
5879
1009
-8176
-4293
-9853
7430
6892
477
-3505
6103
-4747
5906
3184
6017
-6492
5857
8585
-7125
6920
9566
3473
-2869
6252
7618
9177
-938
9716
-900
7457
1690
-8288
-9844
6108
4688
9843
-8412
-377
-6987
-4972
4783
-6705
-5786
-4765
6041
4888
-305
1928
-6823
5779
9005
8495
-1553
5128
-7627
9079
5217
-8701
1373
-8347
4833
-7601
1780
9077
-4868
9890
3075
794
46
-8556
-6893
9471
2968
-891
5961
-5951
3875
-9554
-3698
-122
-2681
4641
9318
9955
-4678
-3720
1473
-2199
-7897
-1861
2128
1837
-4260
-271
6275
7834
6657
7526
-9310
1152
-2545
7829
6343
5336
2439
688
2664
9067
-2888
9824
6318
6474
-3223
-1556
-4474
9927
-8095
-3427
3349
8967
6379
-8842
-9643
6583
9570
3233
-7449
-2505
-5896
5253
8755
-4132
-888
-9740
-9213
1338
8284
982
3134
-5255
-8519
-1842
2960
-185
8255
9517
-9168
9479
-7496
-5389
5583
-553
6801
-8874
-4837
8262
6633
5973
3109
5900
-2748
-9247
592
9104
2439
-3755
3531
-4814
6534
-9036
-6269
-9445
-329
6103
-5924
-794
-4427
7757
-1470
7822
-3808
6575
5653
4687
5685
8425
-4679
-5908
1876
8140
-5547
5899
-8790
4582
7490
1483
-95
4498
3246
5950
8077
6584
9047
-5879
1196
8406
4722
9096
5425
-7599
-1242
-2149
-3921
-9893
-1761
-9584
1506
3685
8658
-8100
3826
-8959
3191
-9009
3222
-6663
-4856
4303
9167
-6727
390
-5120
-5169
8512
-1023
-9430
6161
6823
8801
-9788
8064
-4484
3601
-1165
-2277
-7409
-5355
-6635
-6018
7702
-1261
-140
-4647
7160
5452
-8586
-6524
-6552
-5228
8289
-7935
-6487
-3747
8294
7856
1137
2149
-7401
-3503
-4681
6440
-1553
7151
1872
7986
-7433
-1133
5015
5339
-8264
1397
-5862
230
-4951
-5852
-6982
6197
-2908
9591
-6603
9838
-9463
639
7829
1072
4382
-3677
7313
6063
-8996
5549
7391
-2604
-1201
-2998
3221
-2431
-9388
-3364
9389
-735
-1781
6725
3784
7715
-4589
8795
-9504
9653
-1332
1344
-7359
7124
6271
-5571
3487
8353
-3807
-5644
-3521
-1177
-5308
-4213
7704
6097
7855
6708
4906
994
9448
-1995
5484
-2417
-3
-365
1105
-9767
-3347
3742
-5546
1416
-9613
2483
-1434
-1220
-1193
8719
-1905
3235
9675
1277
-5717
-2867
8765
-1383
1273
216
4288
5497
-8742
4335
-7782
5071
-3773
9547
-4173
7009
5104
-4117
-8459
-9405
9686
-3779
-7472
-7445
-4128
4775
-2159
-4833
-8880
9652
1970
6725
8417
5720
4036
6309
8720
-7399
6310
4047
-5489
-558
-7459
-8887
-9954
-6130
-7448
-5762
4122
5470
-5641
9868
6957
-304
-8931
-1315
4900
7937
-8596
-7274
-1994
5356
-9798
-5505
9503
7892
5292
3799
-2926
-4352
-9167
5483
8365
7817
2133
-7627
8360
-6541
-9339
8475
1591
1609
8923
3344
-7757
9391
3132
-815
-7129
9983
-3526
-8295
-1316
8943
-7500
-5794
-4526
5365
2202
3907
8563
7308
988
-9434
-6581
-7748
-3719
-1454
-8979
-7956
-9575
-9106
1293
-205
-5864
-421
5091
9878
1730
5094
-7038
-3564
1324
6085
-7376
4953
2170
-2838
-2591
-8434
8857
-1400
5706
-7825
-1032
-8688
-4162
-1067
1432
-2707
9832
2131
-3266
109
8019
8143
3524
4484
-6867
4098
7348
-1916
8894
1029
-1567
7341
6086
6155
-7128
3499
-8416
5089
-2710
-6228
8319
4330
1421
-5624
-9620
6624
-2564
-5677
-8436
2051
-6804
-2765
-9066
-7478
9428
-3657
-9821
-5618
7478
-7396
-6867
97
-1125
-4555
-591
8381
1725
-6421
-2308
-4205
7608
4901
742
-9391
-7854
-1025
-7062
-3364
-3924
1989
6675
8477
-6413
9939
5273
-423
-7833
3539
8992
2388
5172
-9386
-5847
-9059
-2002
96
9688
4384
-3586
1168
-30
-3753
-6351
1132
3230
-7225
9129
-7129
-9280
-906
4109
-7616
7772
9431
6864
-8888
2098
2711
1664
-7402
3652
7149
5873
8290
1255
-3346
5900
-8625
-1037
-7500
1977
4316
4115
7901
-9369
5010
4575
1836
841
2572
-3817
3283
-7786
-6042
6111
7673
3328
-3509
-6337
7463
-1871
-2699
8674
-3305
2601
3249
3711
96
3787
7379
-3721
-1682
-8038
-1790
-7959
-9855
6529
-3665
4330
-2864
2700
-3289
-2663
6539
9311
1535
5305
-8104
-4292
-9354
-7066
-7108
9939
9654
-1438
-9998
2065
8211
2366
2430
-3593
-2423
5522
7896
-8389
-4188
3968
1129
-9511
-5827
9668
6502
-3074
-3399
6747
-8481
-672
-5235
4265
5117
3793
5572
4159
-4513
5404
-7116
-5385
-401
-166
-3963
-2167
8645
5425
-9668
-9890
-8620
8754
-226
7254
6592
-7455
7438
4601
5162
1425
-3784
2482
-2487
-3789
8986
-6092
-4481
-5149
4807
9469
4124
-3704
2380
3065
7636
3068
9581
-5801
-6494
330
-6192
-5685
6270
-7565
-1899
-3787
9802
-3884
6130
-4968
6710
5243
6906
3005
4517
8580
6531
-5919
5440
-2104
-3250
-8911
-6058
1922
7362
822
9218
-7025
6658
-2549
7498
-7614
7273
9815
2919
8769
-6410
-9335
-540
9521
8300
-6212
6514
2539
-8316
150
-1547
2676
-1862
5229
1868
-8235
6365
3804
-8701
-7600
-4788
1950
-5463
-2028
-2718
7056
-2844
2587
-7856
4633
-3229
-6281
525
6234
9756
-3323
3322
3108
-1594
-1308
5999
-2392
4019
-2407
-3188
-588
0
1095
1455
1328
-4146
4608
-4454
7824
-408
8797
7461
5812
-2525
-1668
-8003
1595
8266
-1090
-8730
9092
-4818
3057
7189
6317
-1688
-1381
5011
-7586
5192
5407
4455
258
-949
-1048
-9935
-9976
7221
5082
6623
1768
-4391
-6042
463
-9341
3267
606
-8235
-2
8026
-4795
-2038
-9763
2029
-8586
-9528
5979
-5735
9528
-8325
1566
5381
6863
8542
8594
3970
5384
-3243
-1607
-5895
-4561
-4587
-927
694
7360
-5408
-8681
-926
-1894
-4574
3641
-9219
-3650
-2445
4712
3759
-5224
8830
6808
11
9602
5960
-5295
4745
-7488
7179
-7137
7385
-3967
4173
-1419
682
-8399
-8009
-8878
-8990
-7736
-3039
-3819
78
-1281
3032
-1121
-7485
1486
-8321
-8757
-3536
9020
-9380
2557
9673
4823
257
9766
8104
7620
-634
-7789
2485
9286
4228
5849
-3886
1662
-5500
-4270
6306
-412
-1086
-3122
-2932
-448
1141
1321
4926
8244
9475
-5913
154
7165
-7910
-3970
-7341
-7598
-7648
6777
9999
-9868
8044
-1772
7361
4075
-9967
-8979
8127
845
-5341
-292
6842
6149
3604
3150
2527
3617
-6481
-2578
204
3807
1502
-8832
9202
8803
-26
5697
300
-8530
-4773
8010
-4767
2168
-5258
-2336
-6686
6747
-8011
-9185
8692
378
3810
8710
2909
-2942
-9639
-456
7125
8230
-3267
-4399
4768
9147
-1315
7738
-8412
471
5038
8318
1992
4350
-4735
5938
-795
-9778
269
1549
8750
3697
-7947
-9866
2080
6600
8210
7702
-8492
7512
-8797
-5243
8749
7668
2793
-67
-7239
7930
4108
9546
-6552
4144
-8832
5054
-9609
3957
-5821
-2278
820
-1435
-8328
1241
7167
-1540
4651
648
-5258
2254
2460
820
-6199
-7705
1890
-8567
-2375
7241
-4846
4166
-4169
4130
8985
-1864
614
7653
9876
7848
7372
-6726
9420
4445
8347
-7367
5113
-4905
3217
-1028
-7301
2166
-514
-3313
-4832
-4782
2409
-3878
8999
-6250
8823
1731
-2781
-1336
-8512
6828
8299
5154
1584
6543
3105
-2785
-2884
-2787
932
380
-2994
8577
4280
1066
-6195
7402
-329
6463
-402
-2664
4896
4523
-7357
-1929
-5132
2111
6009
5848
9608
-5742
2450
7209
7648
6490
-6698
3904
7029
-2261
-8606
-4164
-8390
-1258
-4817
-9118
2286
2960
-8091
968
-51
4148
-1706
-7081
1037
-224
3484
-8280
764
-3004
-9563
-4662
-1308
-9123
-3494
-3953
2971
6991
-1610
-9129
-1856
6715
-7999
-7364
-6912
7514
-4203
3753
-1416
9873
5333
-3323
-4083
-6530
-701
-6310
5743
-3450
3784
-7559
6763
1665
-4593
-613
-3231
2482
-7296
-7522
-7611
3579
-299
9524
6676
3970
-3197
4883
-6346
-5169
4632
-2865
5761
5162
243
7385
-1520
6624
2412
4486
-4812
7823
-1050
729
-814
-7539
-3675
232
7048
4310
-362
3145
8338
3969
-576
-8355
8125
-9535
2391
-2369
3866
8157
6234
-7285
7882
-1489
1014
5800
-6262
9920
9872
3880
-2270
-7682
-4619
9780
4515
854
3867
-7535
3882
-610
161
-2597
-9983
-2276
-9305
-700
-435
4283
2020
-8494
-2449
9611
7159
791
-579
2547
-910
2492
3281
-2080
-3629
2900
5072
-9498
-2160
-142
-1151
1864
-5597
-6050
-8115
-3352
-2613
-1026
5698
1784
-2091
7679
8586
2524
-6006
-2471
-4352
-9083
8133
4154
3162
-9209
2325
8475
5893
-8174
-1592
-8345
-7210
-8164
-3767
1633
-5555
-9316
8534
7474
3324
2443
6173
687
5519
-9563
-6642
7963
-2978
3775
3260
1176
8006
6073
-592
7308
2856
3406
1388
2690
505
-3953
7014
694
5915
4912
-4888
-683
-8360
-3796
9621
-3151
-8709
4924
5129
-4207
7727
-2273
-734
1845
5266
6851
3457
7302
5900
2041
-905
-1546
-1987
-3385
1531
-3277
3854
5779
-2832
1871
9042
-3210
7201
-2574
-7699
-7761
-9613
-1255
3866
-278
-7608
1168
3198
328
8299
-3466
6459
8031
8678
8593
381
-5933
-362
-7147
5159
-9599
-3103
5680
-6569
-14
4382
-7241
7123
1552
8478
7478
-5907
-5614
-210
6223
-1410
9366
-5438
-2262
4783
9280
3682
-5986
-8559
-7078
8045
-7600
-5142
3182
-2283
-5236
-6681
8142
-75
4530
-3338
-8182
-7052
7716
-8688
-8666
4216
-7139
-898
8757
5561
-9560
-6992
-6512
520
6571
6642
-2124
-7928
-7972
5672
3817
-2762
4808
-29
4898
-4588
7279
-1835
-5147
4669
1979
1062
4274
-7531
2960
-1792
-1799
5798
-5889
-1703
3978
8941
-705
7353
6949
4734
-1433
-2471
-4032
8739
-6664
9269
-5649
-1917
-7950
6764
-5549
7104
-7103
7197
-1481
1415
-7445
6799
4239
6149
-4738
607
5428
-250
9797
9169
6873
9467
-3284
-852
-8650
2383
6467
-4574
-3363
-4944
-409
-7699
6666
-7819
3351
7445
-4284
3636
7440
8907
-6877
-1751
5973
-1914
8882
-5272
-4333
7190
2066
-7122
6308
-3670
-7553
-9692
580
6015
-4765
9701
7737
-1833
936
-2994
-2396
-7494
-679
3479
5937
-8613
5771
-8005
-5036
2595
-1091
-8267
561
-7314
924
40
-7649
4025
-6849
3585
914
-5573
3888
6257
-3484
-6580
5161
7424
-6706
7506
2914
8484
3404
-4836
4039
-2711
-8158
-9129
-4474
-9091
-3050
8
-2117
5570
3274
-1476
-7571
536
-4557
3428
2167
-3854
-7921
-9506
3739
-4410
-948
399
8894
-2631
-8327
8245
9594
3771
2895
4456
2667
8709
-4373
9527
4345
8361
9278
-4682
2616
-9965
-5847
5858
-9835
6657
4618
-8394
-2256
5846
3079
-2507
-9867
1105
-7717
9102
251
-133
-8463
1353
-2405
-1104
3145
957
-101
-3430
-9649
-2813
-2072
3513
-5252
-2198
6072
3676
7696
1642
-3263
9697
-966
-493
1098
7390
8652
-4676
-2262
-4279
-1984
-7231
4304
5035
-6689
-4974
4745
5752
-2824
8167
7069
6320
4731
-4298
2698
-3658
3137
33
-9476
-6039
-5154
1041
6022
-2507
-8234
-7523
4389
8531
5195
-6970
-7279
-195
-1
504
2837
8532
-89
9938
-5187
2911
9674
-3166
6940
2314
4033
5005
865
-8925
-2515
4525
5782
2465
1667
-385
1022
2702
-8959
2942
-5395
946
-2647
105
8025
-4466
9659
-6846
-6425
-8342
8501
5427
-4902
7366
2116
8928
6193
-9078
-1893
5065
5201
-5603
-8600
-9778
3441
-1179
572
6930
-7164
7316
-8515
-8588
-9524
135
-9537
-3877
-4963
-7111
-8635
5438
-5642
9369
8608
-6517
-3791
614
-4455
-5288
-1907
-9130
6649
-8189
2881
8078
-4893
-9075
8469
-659
4117
6891
6760
9889
3170
-2974
-7097
2235
-6795
-2113
4564
-1684
-299
-6437
6558
5230
7302
1057
-6402
1601
-7967
-1004
-9956
904
-3377
-4765
5188
-9830
-9118
-4189
-1892
8052
-9246
-4048
8784
1378
5687
-8460
4030
2102
9859
8761
5792
-646
69
1013
-8880
-4443
-3647
1801
-8927
-694
-9204
-8602
7031
2430
-2208
-8360
7408
6291
-8149
-5123
-5875
1810
2007
9403
7660
3582
7474
7764
-3258
2680
-1448
8490
2916
-1673
-7681
9757
2320
9507
-1752
-2681
6307
6693
-7516
2374
1636
-2306
8715
536
-5536
-2447
7009
-8362
-9514
4354
3131
254
-8207
8498
-8188
-3893
-7168
532
-4663
8548
-7811
6815
-5250
-142
-9217
5345
5322
7311
638
4896
1770
7633
-2438
8591
-8380
5832
9098
1933
-3958
9807
1148
9255
4720
-7065
-3634
-666
266
2620
9995
-7553
-3259
-5046
-4790
-1845
4468
-7362
990
-3574
-3313
-6254
9170
-1862
9137
-5175
6566
5293
-3871
-784
-7585
-5568
-4533
-5601
-6465
2881
-5337
878
-5344
7442
1049
4045
-61
4800
6683
-6906
3719
-2766
-7078
-395
-4980
-9918
-7699
6632
-3674
-5519
-8697
9890
-30
-9864
-6796
-595
4363
-4077
2364
-9376
-6579
6562
-8019
-6322
9254
9693
6301
-2825
-9445
-1189
-8798
-8054
64
-7576
9394
-5606
8148
-4793
9756
-2215
3613
-1505
-9383
-7829
-6668
-2177
9333
-6799
478
-3831
1931
-7240
5093
3124
7959
1410
-1078
-8002
-5777
-9598
-5970
-8444
1426
-7525
227
6090
-4663
4058
7595
5742
-3868
-5212
-2153
-5178
-3516
6713
4320
-2242
-1231
-6198
3082
-8123
647
5906
-3376
7397
-4341
2798
3374
-6382
7411
-4913
146
-8953
2896
-8567
-6685
255
3531
-2381
2754
7536
766
9945
-7360
6688
3751
-5225
-6673
-6950
-3588
-9348
-5303
-6108
4451
905
-204
5564
-1824
2438
-744
8635
-6040
864
8774
242
-2755
4011
-9222
8190
-7811
9744
-7346
4474
6219
-7252
-2478
2946
1092
-2126
9813
477
1919
-3959
3760
-6448
-3693
-6977
9218
-8213
-9478
-3028
133
5065
3567
-9014
7911
-160
9272
8478
548
390
6394
4777
3576
-5007
-1045
-7335
-7346
-3663
-9900
6977
9091
-8696
7515
3462
-7906
-8598
-5534
5881
-1134
277
-238
866
-8658
-3673
5244
9324
-8953
-8432
-9665
-3959
-3578
-6539
8936
9072
1773
4851
3199
-4107
2082
-5992
4806
-6236
2551
1603
4304
-7805
3348
5359
-251
-967
-3798
6706
-7621
-1223
7409
8726
-8718
8663
1891
-4107
-1198
1338
3134
-82
4866
7790
-9207
2809
-3692
5469
-3425
4794
4609
-5860
-6464
3984
-5354
6429
1161
-854
-8492
3395
-1614
-3129
-3064
-8431
4864
211
2961
9939
9043
-5126
-8168
-6480
857
5167
-4046
-470
-7901
-3548
88
-8624
-5645
-1798
9132
1784
-5876
8876
-3676
861
9906
-3227
7678
-443
9278
8316
-9071
-356
-954
6140
-4955
4979
2241
-9003
1590
167
4395
227
-9346
1320
2864
6582
1906
-7298
-8021
-5494
2589
1232
-5707
6241
6853
9585
8738
-6133
-1658
3234
7400
3705
-286
8580
2215
1598
-5276
5
-5361
4787
-2536
6232
2719
-3250
-3476
-1736
-2471
-7845
-9558
4222
534
6541
4736
3487
-6598
2218
-8226
7095
-9872
-5933
-9408
2269
-7058
-7363
-4829
6497
4497
-3171
173
-7609
414
-9786
-3784
1241
3014
-2991
5573
-5756
-4738
7738
-9264
8815
-5953
329
-5143
4522
1021
3081
7931
4441
-9247
1047
-4895
-2644
6580
2105
-3688
7724
601
6871
8150
-6349
4121
3322
-741
7343
6926
-954
4635
1069
7437
-1884
6075
4093
-6313
6691
-8032
-3354
2458
-2827
-7983
5206
3713
4338
-3939
-400
-51
4613
-4208
-7205
6309
-612
2966
1606
-2889
-5309
3716
-225
3568
3024
5329
-123
2871
9037
-8629
5534
9204
3614
-3327
6099
1133
-765
-7894
5878
-945
-9090
9648
9956
-5711
4193
3128
-4924
-3902
3103
5144
1943
-4995
-4413
-1421
-6748
1007
7347
-5107
-6281
-7181
4802
-6118
-2568
2508
-8802
2284
-1173
-3775
-8407
-1192
6221
-5258
-8362
-5660
2363
-6411
7835
-835
9594
6774
-7884
-9302
-5660
-8267
3578
-1947
9163
1268
8606
-7603
-4434
-955
2349
-5500
-3319
-927
-3577
-4534
-7530
-7316
3858
2077
6889
2592
-3851
-7221
-6465
8072
2498
1490
-4885
6841
-1675
7488
-9762
-6537
-6560
-1749
-8408
2900
-4434
-1432
3545
-2138
-80
-1881
7339
-3906
-8447
-1213
-7392
-4126
-5610
1732
-7930
-261
-5956
39
712
-6753
9285
-4012
7935
480
9893
9878
4331
-4541
-9111
-8077
-3270
-5874
-8536
-3388
7049
-8429
4649
-108
1536
8823
4023
2418
3374
5278
3081
9469
-4110
-9789
-1029
3050
2358
8840
-6649
7633
-935
8269
1822
2571
9688
2567
2726
-7218
-3077
778
490
6622
3223
-1339
-2829
7529
-4949
-7922
-6649
-38
4463
6005
6755
-5876
3136
5580
-4854
3022
-7129
6915
-4830
5034
-4749
-6124
-855
-8323
6428
2571
3732
-6028
5332
-6069
5632
-495
-8067
8008
-4028
-4158
-7221
-9628
8296
-6607
-7762
-8585
189
-6807
5170
-6256
-4677
-1149
-9127
-7796
8853
9878
-1292
-3891
-6093
-3392
-1262
5166
5525
-7068
-5785
-2228
-8667
-4223
2954
-6727
6853
8886
1945
9384
-6027
7617
2387
1422
-2353
6275
4167
3820
-904
3494
4259
6966
2591
8346
7344
1296
-7495
-1156
9282
-3277
6024
8641
2693
4907
-1729
-4353
430
4264
6205
-245
-532
2194
6268
-7758
-6387
1608
-2005
6818
-3546
3733
-6435
855
6037
-3808
3225
8382
-7393
-52
9854
-1559
3594
1075
5036
-9842
-9207
-6538
-6290
5219
6757
-9393
-9084
7956
-9711
-4743
-1853
-7227
-3854
352
2877
-3559
-5170
-5683
9064
6797
8356
-5090
-2538
4713
8625
-7075
8279
-5073
-9333
-1041
9527
-63
1614
6524
6629
440
9196
5989
-3439
-7182
3323
9223
810
-8518
-1912
4834
1795
5412
4683
5799
5553
-7348
-9170
9045
-9585
8728
-3476
-739
6631
-4321
-9036
-4567
-5002
1677
-7678
8329
4594
-3185
3984
-1969
3017
-8606
-7266
-1605
4799
-3445
893
-6363
159
5859
8756
2978
-6062
-5382
-9017
879
-6246
-4841
536
3864
5226
-1669
2764
-7564
-3967
-39
-2624
-4770
-5876
-4212
1971
1575
215
9345
9490
-5604
8134
-9257
-4112
-9901
7377
5008
-6822
8538
3982
-4451
5012
2098
-3792
-1842
6387
7897
7119
3822
2880
8088
2178
-2592
-3859
5087
8789
-8748
7584
1056
-4754
5656
2879
2772
-4197
-4356
7739
-2138
-7866
8712
-2613
-1086
6340
6307
-9065
-843
2699
4729
8518
7117
94
3058
-7060
7381
-4271
8802
-3488
1554
4123
-3231
-8258
-4162
-9164
2743
-6894
5707
-2173
-9848
1024
44
-6878
-2937
5585
1797
8099
-8577
1442
1901
-6918
-8051
2111
-8161
7236
1450
720
-6578
857
-192
-3283
4799
3156
9423
5800
-9104
9689
-1333
-4922
-6569
8981
-7796
-8121
-2850
2170
2106
7571
6322
-574
-1406
6712
8422
7137
5475
-565
-2259
2521
5021
-4979
-4863
-1308
2615
2073
-5272
-5735
2787
6274
4042
-1885
3021
-7074
-5828
-1177
-7153
-1725
4792
-3822
-8549
6233
5251
3155
-4232
-789
-8375
-7786
9066
134
1677
4325
8718
7074
7489
8107
7070
-3101
9399
-7999
699
2296
2281
4877
-7512
4973
5104
2505
6702
9139
3346
-3688
-9207
-416
6051
9895
-3461
4214
7349
2228
2900
-3955
-6911
5686
5621
-6255
7899
1246
-5112
-1787
-4887
7629
-4145
-624
868
4369
4455
6933
4812
-1370
1095
1558
741
4268
8050
9767
-6074
-913
-6516
7634
-4824
8479
-5424
-7154
-3818
-4364
4863
6454
2029
-7485
-8963
-8175
7384
-2505
3458
1070
7269
6367
-6159
-6825
6609
7174
6233
-5299
-9882
-6012
9097
-1275
6196
1049
-8992
-6451
-5624
-6021
3087
8214
2690
7651
2881
-1859
-9979
-7964
2033
5056
-8415
5990
569
-4216
-2595
-4757
6756
-9857
-2503
-9408
8393
2872
-3643
-5047
-3097
3582
-1694
8935
-9857
-9330
-8152
4584
-2474
3383
-1916
-6232
8457
6752
-2539
-1669
-3999
3345
-4407
-1610
4054
6138
-336
2953
-1702
-341
4703
-965
7408
-968
8788
-90
2450
433
-3207
-1492
-4979
-5807
3139
-4274
-2318
5798
-1872
-885
-6400
-9063
-139
9888
4642
-6728
-6761
-2754
-1395
-1203
-1763
4438
9492
7419
2822
-9942
-1393
5326
-4674
-7939
-2264
4368
8939
-2923
-9407
2630
-7312
-4521
7297
5859
-1342
-9164
2141
8945
-3300
7276
4871
1494
3113
3073
8641
-4829
1925
-8917
-474
-4644
8067
-1089
-7274
7579
6579
2569
2574
-3006
5307
-2455
1693
5840
2180
-8013
-8366
-9636
-8371
4992
7257
-1994
6192
-5969
9788
-5780
3493
2939
2281
6725
-7072
7377
3497
3937
1149
-6175
-2436
599
6593
-2022
-1556
8707
4072
-9358
2297
-1322
9971
7858
-3691
-5590
-9457
-1759
-3211
-5806
4699
9352
-3133
427
5510
3024
-4387
-2923
-3561
8019
-8210
-4036
6709
-971
8567
-5307
8638
6983
-756
-9387
-9325
9978
9900
-86
9798
4270
1580
-810
-4715
-7434
-5462
8165
-4170
-4717
-8612
-6541
-7465
6422
9622
-4036
1075
-5529
2492
-8098
-6764
-7069
-1426
-6976
118
-392
7408
-1074
7153
-7258
883
9802
4344
6431
6526
-6408
-2348
4692
-5525
8788
-1613
9344
-7642
-9412
9445
-2860
1587
8542
4408
-1929
-1287
4711
-3683
-3050
-6567
6776
4163
-1912
-9965
-832
-3615
-6098
-6649
1722
-3961
-3736
1273
-5161
-4685
-2311
-2432
-7930
-2211
9001
-3034
-1815
9973
-9055
9461
-5828
-9995
-9621
8951
7478
-2122
6673
183
-7931
-2849
-1318
-3958
8402
535
-3485
-9357
-4487
-1903
7695
-5008
2306
-9333
-254
3831
4163
615
-6167
1633
9107
1756
-227
-9680
6209
7631
2601
6723
-2645
-8933
-4154
8908
4187
-3633
7488
-580
3448
1999
-1582
-9770
-9363
-7945
3702
-6790
-9904
-647
-5383
9466
-1056
-2281
6935
7769
5226
-9431
-8343
-2999
5769
9000
7356
2286
-9391
-3208
475
1205
5309
-2562
9578
-3185
-2491
-2292
-9524
-4510
4510
-6339
441
-9063
8244
-8389
-9722
4311
-1628
5194
674
-6468
-6180
1048
6300
4666
-2934
2757
-8509
954
8627
1060
-407
9105
8762
-8102
6022
9901
3252
9566
9516
8976
-2898
-9133
-3942
4070
-7885
6949
-6360
-5737
-7740
-7895
-4464
5391
-4328
-5521
5430
-2377
-8536
-3294
1261
-2826
-4009
8724
-2608
1013
732
-283
1903
8197
-1411
-9544
965
9426
7701
4606
-784
6699
1861
1196
5446
-2624
-4745
438
-3398
-1075
-7709
-7540
7240
3984
4405
5211
-2505
-1125
-5314
4121
-452
-7374
-8817
-3699
2816
1675
1390
-7423
2441
-2493
-6481
-8531
-7004
5203
-4990
368
-8536
-2464
4171
-2095
8405
-3226
-3549
-6488
549
5233
2339
-7527
8361
6378
5769
806
1081
-631
6833
-3702
5907
8922
-1047
338
-8281
-2828
-707
-8504
4863
503
9229
-4121
9155
3215
5798
4746
6498
-6986
-4290
-4387
-3920
9162
-3870
3044
-3049
-1184
8299
-4462
-6788
2591
6390
9260
5497
-8519
-6088
1866
6334
8073
-5651
-1916
-741
-5186
-5581
-8090
3393
-1195
9216
7870
4447
-7259
7339
6652
5844
6296
3625
6127
4856
9892
-2622
6624
-7468
-6349
5346
4799
-5734
9573
-2076
-1636
-9495
-893
465
-4831
4750
-2094
4640
3732
8278
-8506
5177
13
9768
-1051
-1359
9830
8237
-8565
-2408
1010
1520
5402
175
5561
-8169
8112
-2037
-4106
-8913
5215
-1541
-9408
-1370
-8982
7769
825
-9933
3670
-9563
-4031
2672
-134
-3071
-4671
9460
2270
6823
-8637
3626
4925
-8264
-1838
-7987
8058
-9211
-4114
-8124
6286
8000
5956
7462
-42
9742
-9775
-1200
846
9749
9023
-7605
3191
-677
5116
9734
9667
4521
1435
-5097
5139
-8881
-6050
-6675
8082
-2953
-6739
2313
-9350
5182
-9058
-2856
-10000
-7901
3080
1138
-5569
-8611
1685
8532
-5356
-4782
9249
5920
-9338
155
4211
9660
5824
2547
-9518
-3863
6766
520
-1680
2057
3168
-5330
3364
-4137
9189
-561
2228
-1559
-9124
-7497
703
-281
4182
7604
1100
-1429
-4267
2728
-7598
4341
-4182
9196
4329
-8094
1308
-6737
9442
-6300
8252
631
3950
8218
1204
-9722
1416
-6249
-8871
5620
7151
-6458
3797
1240
9769
4275
-4698
-8737
-383
3776
6598
-9769
-2559
1422
1592
2925
9075
-1160
-1474
-718
7553
4586
-3753
3001
5677
4093
-2786
1491
2568
-5459
5477
-5318
3468
2063
-990
5559
-6543
-2677
-9427
1614
702
-1018
7087
1193
-7470
-7716
-481
2498
-6066
-2313
8307
-3198
-4571
2953
6853
-6806
-3514
7362
1456
6801
-6963
-3991
-8649
-7728
306
7048
9196
-9329
-4595
4744
-879
2006
-5730
-361
-5145
775
-7970
-4870
5097
-1814
-1317
-7481
-4346
-2570
-9067
-3251
9378
7198
7598
6967
-5407
-7413
7349
6567
730
-1160
-5883
6015
7079
6933
9553
6192
9341
4371
3249
6082
-4528
-2031
-4819
9630
-4948
7125
-7533
-8976
2250
-1223
-8391
3842
893
-2913
9844
9439
8339
7624
-1092
-4935
-998
3628
-6652
-1744
7710
1091
7625
5283
-3549
-5307
-1123
3661
6430
823
7836
8462
9904
-2464
-2265
-3535
-8981
6017
-7142
5422
6580
-4038
6979
-9177
-7106
5321
9338
-8645
2917
2907
-6455
-5267
-753
-6022
-53
7618
5718
-4648
8778
9315
944
-5868
-1028
-6018
-7299
1305
-4383
-1575
-9701
-1669
-3756
2539
-1329
3909
7040
7914
8395
-3252
-3936
617
4452
-1404
-8115
-2615
2355
-9598
-7731
9165
8433
-7049
-1864
-2338
-5529
-203
-3427
-4055
9351
-7325
8955
6049
6531
6854
-4459
-8498
1981
2306
-7228
-9143
8167
-1008
3337
-3589
-4871
-8177
7551
7071
-5998
4050
7402
-3209
-8021
525
-522
-5890
-5251
-5049
-4747
-3851
9019
8976
1601
4950
-1243
-7544
-3758
27
-7169
4364
4902
8018
9913
6751
2677
345
-2659
-5173
-9487
8156
8765
-2471
-3201
9547
-7453
-7950
-6864
-3530
7355
-3984
7488
-9113
-5627
3117
-3973
2938
2205
-2642
7006
6290
-7489
-7024
6827
-6710
6990
2337
-4064
3280
-8692
1292
4996
-1263
1637
-7249
-5556
-2647
8015
-6080
6042
-4449
-3844
-6769
-5275
8276
4043
-6376
-6814
-5185
8486
-5332
-6241
-8904
-1761
4698
9198
6193
-7439
-8945
-1307
3400
7922
-4857
-9229
8164
-1919
782
2597
-2403
6952
5418
-3125
-9863
5071
5878
5802
673
4319
-6952
-9756
7630
2374
-4304
8664
5013
4610
-3072
4081
-9863
-5067
1462
-4391
1355
3524
-109
-6498
5684
4401
-9074
2031
5573
7093
-4351
-5481
-621
-9977
8807
-381
-431
-566
7212
6556
1493
6097
3057
-2745
-3967
239
6387
8935
3455
-1094
-4676
2686
-5810
5188
-4200
-4000
-6959
8259
-6774
8371
6433
5704
-3779
4821
2874
-7208
-9064
499
-2900
-8109
-7618
3026
-3122
-8190
-8314
-8938
-6489
8545
4911
-4674
-52
-5304
8324
4978
-7398
6822
-2056
2696
7332
-412
-5329
-7752
-875
-7257
-217
-3527
9252
-5954
-37
-8218
-4729
1872
1408
-2389
3283
-4617
976
-1523
-4678
2772
1967
5485
-8586
-5674
-8796
-8044
6076
5353
-3591
4915
0
7644
2236
8262
3319
-3555
-8398
-1967
5240
4526
8707
1648
-3836
6843
-2480
-5055
3636
-241
-4361
8197
1850
-7017
-5007
-3451
1152
-3469
-5495
3782
8299
-8543
3232
2675
-2282
8608
-9947
5259
6643
9257
5807
-6209
-4072
-2336
7950
-2434
268
-4823
758
-9761
6440
-1211
1557
-9181
7870
4288
-6391
5657
9263
-8751
3043
347
890
-855
-3115
32
-545
2521
301
-1779
9673
6009
-6898
7382
8726
8775
-4123
7519
-8063
5749
3476
989
4962
6914
4525
4322
5253
4670
-1549
-1924
-4593
8787
-4305
-2881
-6169
-4834
9292
-5450
2387
9271
-5409
767
7372
6124
5983
4590
-7830
-7779
-5617
6983
-6978
-6499
3493
119
-7381
-3897
5744
-4749
5154
2024
-7310
7153
5209
2721
5190
644
8227
1762
-8725
6573
-9376
3806
-3776
-5609
1425
8266
8145
-2249
5863
4521
-42
-4888
1962
-1180
467
716
-19
-6329
-9982
4959
8527
84
-9626
-6931
4278
7367
2498
5713
9078
4065
-2182
-972
-5627
3189
-7946
6628
9184
-2481
-2548
699
7470
1731
9174
7218
299
-5095
3775
652
9342
-3579
493
5779
6212
8077
-7713
5850
1827
6869
8443
-8104
6410
-4737
-7848
3027
2023
3594
-7835
-9454
-8668
-5723
826
6240
7490
-4715
-7933
-7217
-9365
4998
145
6284
5304
2799
-2414
-1988
-8315
4302
3863
-9515
6900
2104
5460
8960
5520
-4075
-7291
1796
-2868
-9060
8818
-4396
7882
6030
1434
6168
-8472
8360
16
-539
1830
-9134
-4079
6980
-9337
-6453
-9289
5332
-5391
1287
-9648
7133
-2447
-1596
-9968
-5606
6948
-7443
1027
-4354
1647
2178
8273
-2288
6961
-9574
3461
-3530
2370
587
6487
3604
-9115
-8149
9517
6201
2957
-3279
-4401
-8141
-3301
-490
-5689
-1517
-3571
2451
-72
-7650
-9140
6604
3223
-958
311
-5589
-220
-38
-4968
-9687
-5422
9996
1114
-6155
-1865
-6038
7565
-7773
3390
4387
4231
-4355
-6597
-6272
-6481
5717
-8914
542
5442
-6994
-3637
-4805
1408
-2415
-8590
2184
689
6607
3001
-7841
6543
-2417
9403
-5648
3344
3993
3779
-5411
7132
7792
-8774
1062
67
-5264
-2969
9697
-6975
7472
-6079
8679
3727
4585
-590
-5413
8640
1371
-937
-3402
761
-6157
1898
772
7734
-660
9168
6249
-86
-4237
-9624
-4566
6586
-5570
-1834
-2815
-7807
-3657
-8205
2914
7632
-5630
1146
-1245
3009
7116
-5083
7653
-6195
-6677
-1278
-8887
5559
1904
-9830
-7060
5108
8482
-7923
-8091
-4242
-1147
7795
7650
5430
2166
8701
1474
-7993
-1806
-1644
1403
8070
-8741
-6667
3122
-339
-7183
5961
-3048
9902
-8536
-9610
-7420
1561
5983
1731
-7379
-8422
-3802
9531
-9541
-5553
-4715
3203
9395
-6254
-787
-9810
-3105
9352
6612
-1332
9103
-3729
3293
-4067
7475
-9975
-1735
-4836
-2729
-4113
-1202
-6093
9701
-9129
5265
1554
-2772
5038
6472
3203
3589
932
4567
3129
-1360
3210
707
9700
7880
1966
-4170
-4378
-9906
1691
-1734
-4345
7204
-9470
-4803
-9335
5226
-1726
6454
-3191
2005
7656
-3688
-5184
4866
-8710
-3635
9636
-5642
3748
-9142
-7950
-940
3405
-1558
-79
7912
-2883
8659
6560
6133
-4810
-3744
-6623
-3838
-4019
-4190
9923
-6126
-3666
4591
-7000
-6945
8423
2857
-2184
6714
-6949
-9846
4341
2163
2466
-5907
-2331
1450
-1536
-49
-6119
-2736
-3970
-9524
6937
3147
5340
1647
-4952
1875
8859
-4763
-9162
-7353
-8540
-6100
3334
9107
3166
9918
-1941
-6575
-5399
-5293
3297
5287
-1488
-795
5952
-6790
10
8008
-1961
-2616
6144
3060
2943
8749
-3672
9684
3632
6592
-8089
9046
-2000
-6741
-2648
5060
3105
-9216
-4236
5711
-1660
1531
8781
1555
2549
-5657
-7408
1689
-1671
388
-589
-4202
7471
-6028
-7442
-6361
-8703
2467
-7019
8477
-8320
3235
-9510
948
-1573
-69
-1231
-3991
6293
8349
-8616
-8955
4068
-6525
-6076
-8900
-5701
3828
3813
2969
-2592
4795
-6859
5576
1413
-2245
-6080
5701
9878
980
-9409
8099
-6930
-3812
4026
-3209
-3881
-5659
-105
5817
-1686
-8671
-7937
6541
-1566
5511
-8587
-7538
5335
-2441
8054
-5940
956
6582
9132
5655
-1584
6553
-1215
1850
3268
1589
89
8885
3476
8390
9171
1684
4212
-1641
1854
-757
-200
-4289
8692
-763
5670
4736
2386
-4775
8406
3936
9907
9829
-6017
-6021
5020
9278
4875
-5552
-9383
9679
-5438
9811
882
1615
1202
4909
-3946
-6576
932
-2422
-8233
5809
-6573
2312
-4167
-2349
-3207
-911
8926
9578
2761
-7832
-3775
1590
811
-6775
-1231
-927
-5643
-1853
-6387
-4718
-7868
-4869
8396
6250
3355
3694
-8790
-5227
-4301
2729
-2842
-3919
8878
-1584
4693
-1412
-9569
3666
-2500
463
1513
8856
8340
-3794
-3294
4094
3482
-1481
7264
8161
-8472
1513
-6311
-2515
-1006
5395
-6320
8025
6772
-3016
3856
2783
7779
9081
9833
79
-1127
-6278
-8732
-3321
4165
2926
-751
5982
-3158
-182
1680
-7320
-2833
443
-8302
-619
2969
-8292
6876
8375
4776
-5267
6619
9468
5450
-3027
-4204
4552
9428
9733
3298
-6898
8288
3895
4263
-6157
3281
8493
-5545
-2625
6608
-4267
1683
-6023
-1269
497
-2741
3477
-7537
-1755
1856
-294
-8736
1748
-1716
-8644
3319
752
6506
8981
7601
6337
4180
7442
-71
6956
-4903
3755
6302
-1049
-4097
-8508
9351
-2265
9446
7330
-3854
8741
9657
-1111
-8491
624
-7604
-8325
-9283
-2400
8292
-4289
-3737
-3848
-218
1562
3021
-5002
4832
-754
5468
-6479
9941
-7798
-9091
-4490
8266
-1501
1730
-9123
2100
6724
-3298
-9604
-2251
5698
-4637
11
-1895
125
-6979
-3586
9949
1088
-5736
-8759
7178
-2524
-4266
-3340
-9491
5446
6958
-6290
6966
-4306
-7710
7365
2688
110
-6687
7528
5002
-5496
6795
-957
-5629
-7816
8941
1130
8967
-9767
3344
890
5311
7187
5669
-3393
-2253
386
9152
-7095
1412
9599
4816
-9476
3880
-6048
-3591
7227
-8918
5475
2059
-8299
-161
-6220
-9255
147
4426
-2921
-4955
6078
-1596
7572
-4888
4420
3191
-4900
-3232
-5069
9781
7705
5704
-2658
7613
-8281
-9344
929
-7736
-2758
5818
-3820
3932
110
3190
57
460
4049
9507
8084
-2258
2915
8254
2857
1762
-9339
9861
8670
1753
-4327
-9294
5426
-4917
-8909
4617
9324
3991
-1592
-639
8911
-6115
-8390
-2108
8612
4776
-5895
3324
3248
-5040
-1680
-3495
-9712
-7198
-9439
7652
-3275
-7757
5937
-8773
7932
-2774
620
198
-5246
7862
4736
8595
-8475
-9597
2277
-5979
7174
6708
-7476
-2684
-6412
5890
-7510
-4883
3811
-3218
-2160
6392
-4895
7361
-4785
-4068
-6995
7990
-7997
1504
-8106
-1649
-6529
-6300
2826
-9448
9577
4651
3823
-9451
8408
2417
9235
-5280
-7907
6878
3684
-5255
1673
-1805
5829
2896
201
-8665
7553
-6171
1386
-4717
-7164
3955
3278
1874
8175
9572
-4310
6214
2720
-8235
-9780
-8627
4670
6549
-7638
3220
-8087
9036
-2435
7899
4932
1771
-5984
223
-7697
6447
7587
757
3996
5105
-8222
-2349
-3832
5567
5941
-7731
3351
1671
3563
-3595
-5193
-4122
1228
-5988
6509
-6888
-2557
478
-1239
8572
-6164
1249
-8401
-2638
750
-9506
4261
-8557
-7212
8691
-5676
-5305
4843
2569
6946
-311
231
2840
1703
-1031
8449
7669
5195
-2179
5206
-6649
-6313
605
9055
2632
-9691
8773
-6500
9578
-1309
-5077
2546
-2136
-7135
-6390
1994
-7808
-4157
5880
36
-9318
7257
5457
-8503
-4181
-9490
6243
-5452
-3771
-7318
9308
-4714
163
-7051
9657
-7999
4190
-8027
2404
-3857
-637
-3609
-7682
-1075
-5887
-8531
-6155
-262
-5944
-9503
-2747
4289
-279
2604
-5305
-1411
-1111
7969
2161
1216
-6299
-6180
3313
4733
-3415
-4165
336
3106
4327
-8547
8818
3971
3277
6072
-7098
5512
-906
4377
2666
8604
-3527
-5796
-4632
4570
-9734
4682
8474
3676
-4884
5316
-7505
3695
7624
8199
-323
-6110
4315
9583
-1453
4686
244
7003
-6003
-7905
901
509
-9607
3339
-4324
6169
914
-2727
4848
-8232
6647
3015
6296
2804
5192
-4579
5010
-6619
-7892
-2994
4649
4977
9923
7550
-54
-1916
6400
-4992
-4115
7278
683
-7519
9635
651
-6936
-2869
-2996
9352
-6350
-9923
638
5804
-7617
7369
8027
4975
-8709
2672
3545
-2282
6148
5047
7669
-8815
-8159
3885
-1828
2466
7203
-4686
8871
665
-1763
9817
-325
-92
-9496
-7996
-3065
-3796
-4171
-3927
5367
-6770
5496
-1604
8407
-6887
-5762
-6012
-2105
1980
5947
3454
5359
-1302
1343
2636
1009
5006
-6560
-3854
-2654
-4460
6297
2239
1794
-2422
96
-1916
-1443
-8193
-8713
-1717
1715
7869
-703
-6464
6895
8152
-1639
-8534
-6984
-5197
-5361
-5901
-218
-5445
-7214
-1721
8404
-3719
-8476
5850
7817
-9334
5143
-1521
-5587
-1833
-7068
-3221
3949
-3481
911
3495
-8262
6901
8143
-664
-9613
6956
294
-3977
831
-9203
-8133
-7816
-5260
-5730
4967
-9112
-8309
4283
-8554
8252
9096
805
5912
-9075
-6462
3597
4098
-2551
-8138
-7232
-1517
2658
-7230
-9137
-1709
2308
5649
7331
-4175
-1323
4972
-7746
557
-4646
-6961
-4225
-6587
-8556
4945
1099
-7014
7982
817
5220
1556
-3021
8528
2305
7198
-664
-8487
-4526
-7250
-2165
-4076
561
5265
2478
7403
-1937
9181
2923
1946
6471
6268
8439
9330
1227
-9434
-1997
3697
3405
247
2761
986
-5069
-5333
-5591
-3103
6828
6922
3915
3328
1012
3913
5546
5607
4178
-7048
4213
-2590
1655
6430
3224
-2874
-9940
9613
1542
8298
1857
4404
334
7443
4140
8838
5365
-5870
1444
-7523
2522
7790
-2695
-7740
-6802
-4838
6737
-4195
-1981
82
-3607
-7527
-1844
-8498
-8090
3245
-2190
-771
8843
-556
-6660
-2185
-1516
-6885
-4113
-4305
8283
8522
-5405
3235
5856
4750
-1162
5846
3021
7370
-3056
9139
-2773
9830
