-1000
-998
-996
-995
-991
-987
-987
-981
-977
-976
-976
-975
-974
-974
-966
-965
-962
-960
-954
-954
-954
-948
-947
-946
-943
-938
-937
-935
-932
-929
-929
-929
-927
-924
-920
-917
-914
-913
-904
-903
-902
-902
-895
-894
-893
-893
-893
-892
-892
-891
-891
-889
-886
-885
-883
-883
-882
-878
-877
-871
-871
-871
-870
-868
-866
-865
-864
-852
-852
-851
-850
-850
-845
-839
-838
-836
-834
-834
-833
-832
-829
-817
-813
-810
-806
-805
-804
-802
-802
-800
-798
-798
-796
-796
-792
-792
-792
-790
-789
-786
-784
-783
-783
-778
-774
-770
-765
-764
-764
-763
-756
-752
-752
-750
-747
-745
-740
-739
-734
-732
-731
-730
-728
-728
-726
-723
-723
-722
-722
-719
-718
-718
-715
-713
-708
-702
-702
-701
-697
-695
-694
-694
-693
-690
-681
-677
-671
-669
-666
-663
-663
-662
-662
-660
-659
-658
-657
-657
-656
-654
-647
-647
-645
-643
-639
-636
-634
-634
-632
-623
-615
-615
-614
-610
-609
-608
-606
-605
-604
-603
-600
-599
-599
-599
-597
-595
-592
-590
-589
-587
-584
-582
-579
-579
-574
-573
-572
-571
-570
-570
-568
-568
-565
-561
-558
-557
-557
-556
-555
-555
-553
-553
-551
-549
-545
-543
-536
-533
-532
-530
-529
-527
-525
-524
-523
-515
-515
-514
-510
-505
-505
-500
-499
-499
-495
-494
-493
-493
-486
-480
-479
-478
-476
-476
-472
-472
-470
-470
-464
-463
-460
-457
-454
-454
-453
-453
-452
-450
-450
-449
-445
-445
-443
-440
-440
-439
-437
-437
-435
-434
-434
-433
-433
-431
-429
-428
-428
-425
-424
-424
-414
-409
-409
-407
-406
-404
-404
-403
-401
-401
-400
-396
-393
-393
-391
-389
-389
-388
-387
-387
-386
-383
-382
-382
-381
-374
-370
-368
-367
-366
-364
-362
-361
-358
-357
-356
-353
-353
-344
-341
-340
-338
-338
-336
-335
-329
-328
-322
-320
-317
-313
-312
-306
-306
-306
-304
-299
-294
-290
-289
-289
-289
-288
-287
-286
-286
-285
-283
-279
-273
-270
-269
-265
-264
-263
-259
-259
-259
-256
-254
-251
-249
-248
-248
-247
-243
-242
-240
-238
-235
-235
-231
-230
-227
-221
-218
-213
-212
-208
-207
-206
-205
-203
-202
-202
-202
-202
-201
-199
-199
-199
-197
-195
-189
-169
-169
-168
-167
-165
-164
-161
-161
-159
-158
-150
-149
-147
-147
-147
-145
-143
-142
-139
-138
-135
-132
-131
-129
-128
-122
-121
-121
-120
-117
-115
-114
-108
-105
-104
-102
-102
-98
-97
-94
-91
-90
-87
-84
-84
-83
-83
-82
-81
-79
-73
-71
-70
-70
-69
-68
-67
-65
-64
-63
-63
-62
-57
-55
-54
-53
-52
-52
-52
-49
-48
-45
-43
-43
-41
-36
-35
-34
-34
-31
-31
-26
-24
-21
-19
-19
-14
-14
-13
-8
-4
-3
-1
1
2
8
11
13
15
16
17
20
22
23
23
25
29
30
31
33
33
35
35
41
44
46
47
48
51
55
56
60
60
69
69
70
73
73
73
77
80
80
83
85
86
89
95
95
97
98
98
99
110
114
115
116
119
121
124
126
129
132
133
135
139
141
142
147
147
147
147
153
153
155
159
160
160
162
162
164
165
170
171
171
171
172
172
173
179
182
183
185
189
192
193
199
202
203
206
208
209
209
210
210
211
213
214
217
217
218
218
220
221
222
227
231
236
238
239
240
240
245
249
251
251
252
252
255
257
257
259
259
259
266
270
274
277
277
281
282
283
286
287
290
293
294
297
297
298
299
305
307
310
310
312
313
315
317
319
322
330
332
333
334
335
340
341
342
343
343
344
344
346
347
348
348
349
351
351
354
354
354
354
356
357
362
365
368
372
373
374
379
381
382
384
384
388
388
389
393
399
400
401
403
403
404
405
407
409
413
416
419
420
421
424
426
427
427
428
434
435
436
436
437
440
440
441
442
445
446
446
449
449
449
452
453
454
458
459
460
464
466
467
474
479
482
482
483
486
489
492
493
493
503
506
508
511
512
512
513
515
518
521
523
524
530
530
531
535
536
538
540
541
541
542
545
545
546
546
548
550
551
554
556
557
560
563
566
568
569
571
572
572
572
573
573
574
577
580
581
583
584
586
586
591
593
598
600
600
602
604
604
605
606
608
609
610
611
612
614
614
618
623
624
627
631
632
632
634
634
635
635
636
638
639
649
649
650
651
651
659
660
661
662
663
665
666
668
668
668
670
671
672
673
674
674
674
676
685
685
686
686
688
689
692
695
697
701
702
702
703
707
710
710
710
712
714
717
719
719
721
729
733
733
734
736
741
741
741
745
752
754
755
756
758
758
760
761
761
764
764
765
766
769
769
770
771
772
773
773
774
775
775
779
782
786
788
793
795
800
801
802
805
809
809
814
819
820
822
823
823
839
839
840
840
841
844
845
846
849
849
858
866
866
869
874
878
878
881
882
882
884
886
888
889
889
890
890
892
895
895
896
896
898
901
903
906
907
907
908
913
916
918
921
924
924
927
928
932
934
941
942
942
944
944
944
947
948
950
955
957
958
958
960
962
964
965
965
967
969
971
971
971
972
973
979
981
982
983
987
989
990
991
996
1000
1000
