-10000
-9999
-9998
-9998
-9996
-9995
-9986
-9985
-9983
-9982
-9979
-9978
-9977
-9977
-9976
-9975
-9975
-9972
-9968
-9967
-9967
-9965
-9965
-9958
-9957
-9956
-9954
-9954
-9952
-9947
-9945
-9942
-9942
-9941
-9940
-9937
-9935
-9933
-9931
-9923
-9918
-9916
-9915
-9912
-9908
-9906
-9904
-9901
-9900
-9899
-9893
-9890
-9888
-9887
-9885
-9882
-9877
-9875
-9873
-9872
-9871
-9868
-9867
-9866
-9864
-9863
-9863
-9857
-9857
-9855
-9853
-9853
-9848
-9848
-9848
-9848
-9846
-9844
-9843
-9842
-9841
-9840
-9840
-9835
-9832
-9830
-9830
-9826
-9826
-9821
-9820
-9810
-9810
-9808
-9807
-9803
-9800
-9800
-9800
-9799
-9798
-9795
-9789
-9788
-9786
-9783
-9780
-9778
-9778
-9777
-9776
-9775
-9770
-9769
-9767
-9767
-9767
-9763
-9762
-9761
-9758
-9756
-9751
-9740
-9735
-9734
-9726
-9726
-9725
-9722
-9722
-9720
-9713
-9712
-9711
-9708
-9707
-9701
-9699
-9696
-9695
-9692
-9692
-9691
-9688
-9687
-9687
-9680
-9668
-9665
-9663
-9660
-9659
-9659
-9657
-9652
-9649
-9649
-9648
-9647
-9646
-9643
-9639
-9638
-9636
-9634
-9629
-9628
-9626
-9624
-9621
-9621
-9620
-9613
-9613
-9613
-9613
-9613
-9612
-9610
-9609
-9607
-9604
-9599
-9599
-9598
-9598
-9597
-9594
-9590
-9589
-9585
-9585
-9584
-9584
-9576
-9575
-9574
-9569
-9568
-9566
-9566
-9565
-9563
-9563
-9563
-9560
-9560
-9558
-9558
-9554
-9554
-9553
-9549
-9548
-9546
-9544
-9542
-9541
-9539
-9537
-9536
-9535
-9535
-9529
-9528
-9527
-9524
-9524
-9524
-9522
-9518
-9517
-9515
-9514
-9511
-9510
-9506
-9506
-9505
-9504
-9503
-9501
-9498
-9496
-9495
-9492
-9491
-9490
-9487
-9480
-9480
-9478
-9476
-9476
-9475
-9470
-9467
-9465
-9464
-9464
-9463
-9457
-9454
-9453
-9451
-9450
-9448
-9445
-9445
-9439
-9437
-9434
-9434
-9434
-9432
-9431
-9431
-9430
-9427
-9425
-9415
-9415
-9414
-9412
-9412
-9411
-9410
-9409
-9408
-9408
-9408
-9407
-9405
-9402
-9402
-9401
-9399
-9398
-9397
-9396
-9393
-9391
-9391
-9388
-9387
-9386
-9383
-9383
-9380
-9380
-9376
-9376
-9369
-9365
-9363
-9358
-9357
-9354
-9350
-9348
-9346
-9346
-9345
-9344
-9343
-9341
-9339
-9339
-9338
-9337
-9335
-9335
-9334
-9333
-9333
-9330
-9329
-9328
-9326
-9325
-9319
-9318
-9318
-9316
-9313
-9310
-9305
-9302
-9294
-9294
-9293
-9292
-9291
-9289
-9288
-9283
-9280
-9270
-9265
-9264
-9264
-9260
-9257
-9255
-9250
-9247
-9247
-9246
-9245
-9243
-9236
-9234
-9231
-9229
-9227
-9222
-9220
-9219
-9217
-9216
-9213
-9213
-9211
-9211
-9210
-9209
-9209
-9207
-9207
-9207
-9204
-9203
-9195
-9189
-9187
-9186
-9185
-9184
-9184
-9181
-9177
-9170
-9169
-9168
-9167
-9164
-9164
-9163
-9162
-9162
-9155
-9144
-9143
-9142
-9141
-9140
-9138
-9137
-9137
-9134
-9133
-9130
-9129
-9129
-9129
-9128
-9127
-9124
-9124
-9123
-9123
-9120
-9118
-9118
-9116
-9115
-9113
-9112
-9111
-9111
-9107
-9106
-9104
-9099
-9091
-9091
-9090
-9087
-9086
-9085
-9084
-9084
-9083
-9079
-9078
-9078
-9075
-9075
-9074
-9071
-9067
-9066
-9065
-9064
-9063
-9063
-9062
-9062
-9060
-9059
-9058
-9056
-9055
-9052
-9048
-9040
-9036
-9036
-9035
-9024
-9018
-9017
-9014
-9014
-9010
-9009
-9009
-9008
-9004
-9003
-9001
-8999
-8996
-8992
-8990
-8988
-8988
-8985
-8985
-8983
-8983
-8982
-8981
-8979
-8979
-8977
-8976
-8974
-8971
-8965
-8963
-8963
-8959
-8959
-8955
-8953
-8953
-8948
-8945
-8943
-8939
-8938
-8937
-8933
-8931
-8931
-8927
-8925
-8918
-8918
-8917
-8914
-8913
-8911
-8911
-8909
-8906
-8904
-8900
-8897
-8888
-8887
-8887
-8886
-8881
-8880
-8880
-8878
-8878
-8874
-8874
-8873
-8871
-8864
-8857
-8848
-8847
-8844
-8842
-8842
-8832
-8832
-8825
-8822
-8819
-8817
-8815
-8813
-8811
-8808
-8808
-8806
-8805
-8802
-8802
-8800
-8798
-8797
-8796
-8790
-8790
-8790
-8774
-8773
-8766
-8765
-8763
-8759
-8757
-8751
-8751
-8748
-8742
-8741
-8741
-8737
-8736
-8735
-8732
-8730
-8725
-8719
-8718
-8717
-8717
-8715
-8713
-8710
-8709
-8709
-8707
-8706
-8703
-8702
-8701
-8701
-8697
-8696
-8696
-8694
-8693
-8692
-8689
-8688
-8688
-8681
-8676
-8676
-8676
-8671
-8671
-8671
-8668
-8667
-8666
-8665
-8662
-8660
-8659
-8658
-8658
-8657
-8652
-8652
-8650
-8649
-8645
-8644
-8637
-8635
-8632
-8629
-8627
-8625
-8624
-8620
-8619
-8616
-8614
-8613
-8613
-8612
-8611
-8608
-8607
-8606
-8606
-8602
-8600
-8598
-8596
-8593
-8590
-8588
-8588
-8587
-8586
-8586
-8586
-8585
-8584
-8584
-8577
-8575
-8573
-8571
-8570
-8567
-8567
-8567
-8566
-8565
-8561
-8560
-8559
-8557
-8556
-8556
-8554
-8553
-8552
-8549
-8548
-8548
-8547
-8543
-8540
-8538
-8536
-8536
-8536
-8536
-8535
-8534
-8531
-8531
-8530
-8524
-8523
-8522
-8522
-8522
-8519
-8519
-8518
-8515
-8512
-8510
-8509
-8508
-8506
-8504
-8503
-8498
-8498
-8494
-8493
-8492
-8492
-8491
-8487
-8487
-8487
-8481
-8476
-8476
-8476
-8475
-8472
-8472
-8467
-8466
-8463
-8463
-8462
-8460
-8459
-8453
-8447
-8444
-8443
-8436
-8434
-8432
-8431
-8429
-8429
-8422
-8422
-8416
-8415
-8415
-8413
-8412
-8412
-8411
-8408
-8408
-8407
-8404
-8401
-8399
-8398
-8396
-8394
-8394
-8391
-8390
-8390
-8389
-8389
-8388
-8388
-8380
-8380
-8379
-8375
-8372
-8371
-8366
-8362
-8362
-8362
-8361
-8360
-8360
-8360
-8359
-8359
-8359
-8355
-8354
-8347
-8345
-8343
-8342
-8340
-8335
-8335
-8329
-8328
-8327
-8325
-8325
-8323
-8323
-8321
-8320
-8320
-8316
-8315
-8314
-8310
-8309
-8307
-8306
-8305
-8302
-8299
-8299
-8295
-8294
-8294
-8292
-8291
-8288
-8286
-8284
-8281
-8281
-8280
-8279
-8276
-8273
-8267
-8267
-8266
-8264
-8264
-8263
-8263
-8262
-8259
-8258
-8257
-8247
-8245
-8244
-8242
-8240
-8240
-8240
-8235
-8235
-8235
-8234
-8233
-8233
-8232
-8228
-8228
-8226
-8226
-8223
-8222
-8222
-8222
-8218
-8217
-8216
-8213
-8210
-8209
-8209
-8208
-8207
-8205
-8203
-8201
-8193
-8191
-8190
-8189
-8188
-8188
-8187
-8187
-8182
-8182
-8182
-8177
-8176
-8175
-8174
-8172
-8169
-8168
-8166
-8164
-8164
-8163
-8161
-8159
-8158
-8152
-8149
-8149
-8149
-8146
-8144
-8144
-8142
-8141
-8138
-8137
-8134
-8133
-8124
-8123
-8121
-8120
-8118
-8117
-8115
-8115
-8115
-8113
-8112
-8109
-8106
-8104
-8104
-8104
-8102
-8101
-8100
-8100
-8098
-8095
-8094
-8091
-8091
-8090
-8090
-8089
-8087
-8081
-8080
-8077
-8071
-8067
-8067
-8066
-8063
-8061
-8059
-8054
-8053
-8051
-8044
-8044
-8038
-8035
-8032
-8027
-8026
-8026
-8025
-8021
-8021
-8019
-8016
-8015
-8013
-8011
-8011
-8009
-8005
-8005
-8003
-8003
-8002
-8001
-7999
-7999
-7999
-7997
-7997
-7996
-7993
-7991
-7987
-7983
-7972
-7970
-7968
-7967
-7967
-7964
-7963
-7959
-7956
-7956
-7955
-7950
-7950
-7950
-7949
-7949
-7947
-7947
-7946
-7945
-7945
-7943
-7943
-7943
-7939
-7937
-7935
-7933
-7931
-7930
-7930
-7928
-7928
-7923
-7923
-7922
-7921
-7921
-7916
-7910
-7910
-7909
-7907
-7906
-7906
-7905
-7902
-7901
-7901
-7897
-7895
-7894
-7892
-7885
-7885
-7884
-7880
-7880
-7879
-7877
-7868
-7866
-7858
-7856
-7854
-7850
-7848
-7847
-7845
-7841
-7839
-7837
-7835
-7833
-7832
-7831
-7830
-7829
-7825
-7819
-7816
-7816
-7812
-7812
-7811
-7811
-7811
-7810
-7810
-7808
-7807
-7805
-7800
-7798
-7796
-7796
-7796
-7795
-7793
-7789
-7786
-7786
-7785
-7784
-7782
-7779
-7774
-7773
-7770
-7768
-7765
-7762
-7761
-7758
-7757
-7757
-7757
-7756
-7752
-7748
-7746
-7740
-7740
-7737
-7736
-7736
-7735
-7734
-7734
-7731
-7731
-7729
-7728
-7717
-7716
-7716
-7713
-7712
-7711
-7710
-7709
-7705
-7705
-7703
-7699
-7699
-7699
-7698
-7697
-7694
-7687
-7683
-7683
-7682
-7682
-7681
-7678
-7677
-7666
-7662
-7657
-7650
-7649
-7648
-7647
-7642
-7642
-7641
-7640
-7638
-7633
-7627
-7627
-7626
-7621
-7618
-7617
-7616
-7614
-7613
-7611
-7609
-7608
-7605
-7604
-7604
-7603
-7601
-7600
-7600
-7600
-7599
-7598
-7598
-7597
-7591
-7586
-7585
-7585
-7576
-7573
-7571
-7569
-7569
-7567
-7565
-7564
-7559
-7554
-7553
-7553
-7548
-7545
-7544
-7540
-7539
-7538
-7537
-7536
-7536
-7535
-7533
-7533
-7533
-7531
-7530
-7527
-7527
-7527
-7525
-7523
-7523
-7522
-7522
-7519
-7516
-7516
-7512
-7510
-7507
-7506
-7505
-7500
-7500
-7497
-7496
-7495
-7494
-7494
-7489
-7488
-7485
-7485
-7484
-7481
-7479
-7478
-7476
-7475
-7472
-7470
-7468
-7465
-7462
-7459
-7458
-7456
-7455
-7453
-7451
-7449
-7448
-7446
-7446
-7445
-7445
-7443
-7442
-7441
-7439
-7437
-7434
-7433
-7432
-7431
-7424
-7423
-7420
-7420
-7417
-7414
-7413
-7411
-7410
-7409
-7409
-7408
-7405
-7403
-7402
-7401
-7400
-7399
-7398
-7396
-7393
-7393
-7392
-7388
-7381
-7379
-7379
-7376
-7374
-7374
-7369
-7367
-7364
-7363
-7362
-7360
-7359
-7357
-7353
-7350
-7348
-7346
-7346
-7341
-7336
-7335
-7333
-7329
-7325
-7325
-7324
-7320
-7318
-7316
-7314
-7312
-7310
-7304
-7301
-7299
-7298
-7296
-7295
-7295
-7291
-7289
-7285
-7279
-7274
-7274
-7266
-7264
-7262
-7259
-7258
-7257
-7253
-7252
-7250
-7249
-7243
-7241
-7241
-7240
-7239
-7232
-7231
-7230
-7228
-7227
-7225
-7223
-7221
-7221
-7218
-7217
-7214
-7212
-7210
-7208
-7207
-7205
-7198
-7183
-7182
-7181
-7179
-7176
-7174
-7172
-7172
-7171
-7169
-7168
-7168
-7164
-7164
-7162
-7161
-7160
-7160
-7156
-7155
-7155
-7154
-7153
-7153
-7147
-7146
-7142
-7142
-7139
-7138
-7138
-7137
-7135
-7132
-7129
-7129
-7129
-7129
-7128
-7127
-7125
-7125
-7125
-7122
-7116
-7111
-7108
-7106
-7104
-7103
-7100
-7098
-7097
-7095
-7091
-7091
-7085
-7082
-7081
-7080
-7079
-7078
-7078
-7076
-7075
-7074
-7072
-7071
-7069
-7069
-7068
-7068
-7066
-7065
-7065
-7062
-7060
-7060
-7058
-7055
-7054
-7052
-7052
-7051
-7050
-7049
-7048
-7045
-7042
-7040
-7039
-7038
-7038
-7038
-7034
-7026
-7025
-7024
-7021
-7019
-7018
-7017
-7015
-7014
-7013
-7009
-7004
-7002
-7000
-6995
-6994
-6994
-6992
-6990
-6987
-6987
-6986
-6986
-6985
-6984
-6982
-6979
-6978
-6977
-6976
-6975
-6973
-6970
-6963
-6961
-6960
-6959
-6952
-6950
-6949
-6947
-6945
-6945
-6940
-6939
-6936
-6934
-6931
-6931
-6930
-6928
-6925
-6924
-6918
-6915
-6914
-6913
-6912
-6911
-6908
-6908
-6906
-6905
-6898
-6898
-6894
-6893
-6888
-6887
-6885
-6884
-6880
-6878
-6877
-6871
-6869
-6867
-6867
-6864
-6860
-6859
-6858
-6849
-6847
-6846
-6837
-6835
-6825
-6823
-6822
-6820
-6819
-6815
-6814
-6814
-6807
-6806
-6804
-6804
-6802
-6799
-6796
-6796
-6795
-6795
-6790
-6790
-6788
-6781
-6780
-6779
-6775
-6774
-6770
-6769
-6764
-6761
-6759
-6753
-6753
-6753
-6752
-6748
-6741
-6741
-6740
-6739
-6737
-6728
-6727
-6727
-6726
-6723
-6722
-6718
-6710
-6706
-6705
-6698
-6692
-6690
-6689
-6687
-6686
-6685
-6684
-6682
-6681
-6680
-6677
-6675
-6674
-6674
-6673
-6673
-6671
-6669
-6668
-6667
-6664
-6663
-6660
-6659
-6659
-6656
-6652
-6649
-6649
-6649
-6649
-6649
-6642
-6639
-6636
-6635
-6634
-6629
-6629
-6624
-6623
-6619
-6612
-6607
-6607
-6603
-6602
-6598
-6597
-6593
-6591
-6587
-6586
-6581
-6580
-6579
-6578
-6578
-6577
-6576
-6576
-6575
-6575
-6573
-6573
-6572
-6569
-6569
-6567
-6567
-6560
-6560
-6558
-6557
-6556
-6556
-6552
-6552
-6551
-6549
-6543
-6543
-6541
-6541
-6541
-6539
-6538
-6537
-6533
-6533
-6530
-6529
-6527
-6525
-6525
-6524
-6517
-6516
-6512
-6512
-6509
-6504
-6500
-6500
-6499
-6498
-6495
-6494
-6494
-6493
-6492
-6489
-6488
-6487
-6481
-6481
-6481
-6481
-6480
-6479
-6479
-6478
-6471
-6468
-6465
-6465
-6464
-6464
-6464
-6462
-6458
-6455
-6453
-6451
-6448
-6443
-6441
-6439
-6437
-6437
-6436
-6435
-6433
-6425
-6421
-6419
-6417
-6417
-6413
-6412
-6411
-6410
-6409
-6408
-6402
-6402
-6400
-6394
-6393
-6392
-6391
-6391
-6390
-6387
-6387
-6382
-6382
-6376
-6372
-6363
-6361
-6360
-6359
-6354
-6351
-6350
-6349
-6349
-6348
-6346
-6346
-6339
-6337
-6336
-6334
-6329
-6322
-6321
-6320
-6320
-6319
-6316
-6315
-6313
-6313
-6311
-6310
-6309
-6308
-6301
-6300
-6300
-6299
-6296
-6290
-6290
-6289
-6289
-6284
-6283
-6281
-6281
-6278
-6274
-6273
-6272
-6269
-6268
-6268
-6264
-6262
-6259
-6257
-6256
-6255
-6254
-6254
-6250
-6249
-6246
-6241
-6241
-6236
-6232
-6228
-6226
-6225
-6223
-6220
-6220
-6220
-6217
-6212
-6209
-6205
-6204
-6203
-6202
-6199
-6199
-6199
-6198
-6195
-6195
-6194
-6192
-6191
-6191
-6189
-6189
-6187
-6183
-6183
-6180
-6180
-6177
-6175
-6174
-6171
-6170
-6169
-6167
-6164
-6159
-6157
-6157
-6155
-6155
-6150
-6133
-6130
-6126
-6124
-6122
-6119
-6118
-6115
-6112
-6111
-6110
-6108
-6101
-6101
-6100
-6098
-6098
-6093
-6093
-6093
-6092
-6090
-6088
-6080
-6080
-6080
-6079
-6079
-6077
-6076
-6074
-6069
-6066
-6062
-6058
-6052
-6050
-6050
-6048
-6045
-6042
-6042
-6040
-6039
-6039
-6038
-6038
-6035
-6034
-6032
-6028
-6028
-6027
-6023
-6022
-6021
-6021
-6018
-6018
-6017
-6012
-6012
-6012
-6012
-6007
-6006
-6005
-6003
-6003
-5998
-5996
-5994
-5992
-5992
-5992
-5988
-5986
-5985
-5984
-5980
-5979
-5973
-5970
-5969
-5966
-5962
-5956
-5955
-5955
-5954
-5953
-5951
-5947
-5945
-5944
-5940
-5937
-5935
-5935
-5933
-5933
-5933
-5929
-5924
-5919
-5915
-5914
-5913
-5908
-5907
-5907
-5907
-5907
-5901
-5901
-5900
-5898
-5896
-5896
-5895
-5895
-5890
-5889
-5887
-5887
-5883
-5879
-5876
-5876
-5876
-5875
-5875
-5874
-5870
-5870
-5868
-5864
-5862
-5860
-5860
-5859
-5858
-5857
-5853
-5852
-5851
-5847
-5847
-5847
-5846
-5845
-5844
-5841
-5838
-5828
-5828
-5827
-5826
-5823
-5821
-5815
-5813
-5811
-5810
-5807
-5806
-5803
-5801
-5799
-5796
-5794
-5791
-5789
-5788
-5787
-5786
-5785
-5780
-5780
-5777
-5762
-5762
-5756
-5755
-5751
-5750
-5745
-5742
-5739
-5738
-5737
-5736
-5736
-5735
-5735
-5734
-5730
-5730
-5727
-5727
-5724
-5723
-5718
-5717
-5711
-5708
-5707
-5704
-5701
-5696
-5692
-5689
-5687
-5685
-5683
-5682
-5680
-5677
-5676
-5674
-5673
-5672
-5665
-5660
-5660
-5660
-5659
-5657
-5654
-5651
-5649
-5649
-5648
-5648
-5645
-5644
-5643
-5642
-5642
-5641
-5639
-5630
-5629
-5627
-5627
-5624
-5624
-5621
-5618
-5617
-5614
-5611
-5610
-5609
-5606
-5606
-5604
-5603
-5601
-5600
-5597
-5596
-5591
-5590
-5589
-5587
-5582
-5581
-5573
-5572
-5571
-5570
-5569
-5569
-5568
-5559
-5558
-5557
-5556
-5556
-5555
-5553
-5552
-5550
-5549
-5547
-5546
-5545
-5545
-5544
-5536
-5534
-5533
-5532
-5530
-5529
-5529
-5528
-5525
-5524
-5521
-5519
-5511
-5510
-5508
-5505
-5505
-5503
-5502
-5500
-5500
-5496
-5495
-5494
-5493
-5489
-5489
-5489
-5486
-5484
-5481
-5477
-5474
-5471
-5469
-5467
-5463
-5462
-5459
-5458
-5452
-5451
-5450
-5450
-5447
-5445
-5440
-5440
-5438
-5438
-5438
-5437
-5435
-5434
-5433
-5432
-5431
-5424
-5424
-5422
-5418
-5413
-5411
-5409
-5408
-5407
-5405
-5402
-5399
-5396
-5395
-5391
-5389
-5385
-5385
-5385
-5383
-5382
-5378
-5378
-5376
-5375
-5374
-5374
-5372
-5368
-5367
-5366
-5363
-5361
-5361
-5356
-5356
-5355
-5354
-5352
-5348
-5348
-5344
-5341
-5341
-5338
-5337
-5337
-5337
-5333
-5332
-5332
-5330
-5329
-5326
-5322
-5318
-5314
-5312
-5309
-5308
-5307
-5307
-5307
-5305
-5305
-5305
-5304
-5303
-5302
-5299
-5299
-5295
-5293
-5293
-5288
-5282
-5282
-5281
-5280
-5276
-5275
-5272
-5272
-5267
-5267
-5264
-5260
-5258
-5258
-5258
-5255
-5255
-5252
-5252
-5251
-5250
-5246
-5245
-5243
-5240
-5239
-5236
-5235
-5232
-5228
-5227
-5225
-5224
-5224
-5212
-5203
-5198
-5197
-5194
-5193
-5190
-5187
-5186
-5185
-5184
-5184
-5180
-5178
-5175
-5174
-5173
-5170
-5169
-5169
-5169
-5168
-5166
-5166
-5162
-5161
-5161
-5161
-5154
-5149
-5147
-5146
-5145
-5143
-5142
-5141
-5137
-5136
-5136
-5132
-5131
-5131
-5128
-5126
-5123
-5120
-5118
-5112
-5109
-5108
-5107
-5105
-5097
-5095
-5090
-5086
-5085
-5084
-5083
-5079
-5077
-5074
-5073
-5069
-5069
-5067
-5065
-5060
-5055
-5052
-5052
-5049
-5047
-5046
-5042
-5040
-5039
-5036
-5035
-5027
-5025
-5025
-5018
-5016
-5008
-5007
-5007
-5002
-5002
-5000
-5000
-5000
-4995
-4992
-4990
-4989
-4987
-4984
-4980
-4979
-4979
-4977
-4975
-4974
-4972
-4968
-4968
-4963
-4963
-4960
-4958
-4955
-4955
-4954
-4952
-4951
-4949
-4949
-4948
-4944
-4943
-4940
-4935
-4935
-4932
-4927
-4927
-4924
-4922
-4917
-4913
-4910
-4905
-4905
-4905
-4904
-4903
-4902
-4900
-4895
-4895
-4893
-4888
-4888
-4888
-4887
-4885
-4884
-4883
-4871
-4870
-4869
-4868
-4868
-4866
-4865
-4863
-4863
-4859
-4857
-4856
-4854
-4846
-4846
-4843
-4841
-4838
-4837
-4836
-4836
-4834
-4834
-4833
-4833
-4832
-4831
-4830
-4829
-4829
-4828
-4826
-4826
-4825
-4824
-4823
-4820
-4819
-4818
-4818
-4817
-4814
-4812
-4810
-4805
-4803
-4795
-4793
-4790
-4788
-4785
-4782
-4782
-4782
-4780
-4778
-4775
-4773
-4770
-4767
-4766
-4765
-4765
-4765
-4763
-4762
-4760
-4757
-4757
-4755
-4754
-4750
-4749
-4749
-4749
-4748
-4747
-4747
-4745
-4743
-4742
-4741
-4739
-4738
-4738
-4737
-4736
-4735
-4734
-4730
-4729
-4729
-4728
-4727
-4720
-4720
-4719
-4718
-4717
-4717
-4715
-4715
-4715
-4714
-4713
-4713
-4703
-4699
-4698
-4694
-4686
-4685
-4684
-4682
-4681
-4681
-4680
-4679
-4678
-4678
-4677
-4676
-4676
-4674
-4674
-4672
-4671
-4663
-4663
-4663
-4662
-4655
-4653
-4652
-4648
-4648
-4647
-4646
-4645
-4644
-4643
-4642
-4641
-4639
-4637
-4632
-4631
-4630
-4627
-4619
-4618
-4617
-4615
-4607
-4606
-4604
-4600
-4596
-4595
-4595
-4593
-4593
-4591
-4589
-4589
-4588
-4587
-4584
-4579
-4577
-4576
-4574
-4574
-4574
-4573
-4572
-4571
-4567
-4566
-4566
-4565
-4563
-4561
-4557
-4555
-4555
-4545
-4541
-4534
-4533
-4532
-4528
-4528
-4526
-4526
-4526
-4522
-4521
-4521
-4520
-4513
-4510
-4510
-4505
-4504
-4504
-4503
-4499
-4490
-4487
-4484
-4484
-4482
-4481
-4478
-4477
-4477
-4476
-4476
-4475
-4475
-4474
-4474
-4468
-4466
-4466
-4464
-4462
-4460
-4459
-4458
-4455
-4454
-4451
-4450
-4449
-4449
-4449
-4449
-4444
-4443
-4443
-4441
-4440
-4435
-4434
-4434
-4433
-4433
-4430
-4427
-4421
-4415
-4413
-4410
-4407
-4401
-4399
-4398
-4396
-4393
-4391
-4391
-4390
-4387
-4387
-4383
-4381
-4378
-4373
-4364
-4361
-4357
-4356
-4355
-4355
-4354
-4353
-4352
-4352
-4351
-4347
-4346
-4345
-4345
-4342
-4341
-4341
-4341
-4338
-4334
-4333
-4332
-4328
-4328
-4327
-4326
-4324
-4322
-4321
-4315
-4315
-4314
-4310
-4306
-4305
-4305
-4304
-4301
-4298
-4293
-4292
-4291
-4290
-4289
-4289
-4284
-4284
-4280
-4279
-4278
-4277
-4276
-4275
-4274
-4271
-4270
-4269
-4268
-4267
-4267
-4267
-4266
-4260
-4260
-4251
-4242
-4242
-4237
-4236
-4232
-4225
-4224
-4223
-4219
-4216
-4213
-4212
-4212
-4208
-4207
-4207
-4206
-4205
-4204
-4203
-4202
-4201
-4200
-4197
-4195
-4190
-4189
-4188
-4187
-4185
-4184
-4182
-4182
-4181
-4175
-4173
-4172
-4172
-4171
-4170
-4170
-4170
-4169
-4167
-4165
-4164
-4162
-4162
-4162
-4162
-4162
-4158
-4157
-4157
-4156
-4154
-4154
-4152
-4149
-4146
-4145
-4139
-4137
-4137
-4136
-4132
-4128
-4126
-4123
-4123
-4122
-4121
-4117
-4116
-4115
-4114
-4114
-4113
-4113
-4112
-4110
-4107
-4107
-4106
-4103
-4101
-4097
-4092
-4091
-4090
-4089
-4086
-4083
-4079
-4077
-4076
-4075
-4072
-4069
-4068
-4067
-4066
-4064
-4055
-4048
-4046
-4043
-4038
-4036
-4036
-4034
-4032
-4032
-4031
-4031
-4031
-4028
-4026
-4025
-4022
-4019
-4012
-4009
-4004
-4002
-4001
-4000
-3999
-3993
-3991
-3991
-3991
-3989
-3984
-3977
-3976
-3975
-3974
-3973
-3970
-3970
-3967
-3967
-3967
-3963
-3961
-3960
-3959
-3959
-3958
-3958
-3956
-3955
-3955
-3953
-3953
-3946
-3945
-3942
-3941
-3939
-3936
-3935
-3927
-3925
-3924
-3923
-3921
-3920
-3919
-3914
-3909
-3907
-3906
-3906
-3903
-3902
-3897
-3897
-3893
-3892
-3891
-3886
-3884
-3881
-3879
-3879
-3878
-3877
-3877
-3874
-3871
-3871
-3870
-3868
-3867
-3863
-3863
-3859
-3857
-3854
-3854
-3854
-3854
-3851
-3851
-3851
-3848
-3844
-3838
-3837
-3836
-3836
-3835
-3832
-3832
-3831
-3830
-3824
-3822
-3821
-3820
-3819
-3818
-3817
-3812
-3808
-3808
-3807
-3802
-3799
-3798
-3798
-3797
-3797
-3796
-3796
-3794
-3794
-3794
-3792
-3791
-3789
-3788
-3787
-3784
-3784
-3784
-3783
-3780
-3779
-3779
-3776
-3776
-3775
-3775
-3775
-3773
-3771
-3767
-3760
-3758
-3756
-3755
-3753
-3753
-3751
-3751
-3747
-3744
-3739
-3737
-3736
-3736
-3729
-3727
-3722
-3721
-3720
-3719
-3719
-3709
-3704
-3702
-3699
-3698
-3698
-3693
-3692
-3691
-3688
-3688
-3688
-3687
-3683
-3682
-3677
-3676
-3675
-3674
-3673
-3672
-3672
-3670
-3668
-3666
-3665
-3663
-3662
-3658
-3657
-3657
-3650
-3647
-3645
-3643
-3642
-3641
-3637
-3637
-3635
-3634
-3633
-3630
-3629
-3626
-3626
-3625
-3621
-3618
-3616
-3615
-3615
-3613
-3611
-3610
-3610
-3609
-3607
-3598
-3595
-3594
-3593
-3593
-3591
-3591
-3589
-3588
-3586
-3586
-3585
-3585
-3585
-3580
-3579
-3579
-3578
-3577
-3574
-3571
-3571
-3570
-3565
-3564
-3561
-3559
-3558
-3556
-3555
-3549
-3549
-3548
-3548
-3546
-3540
-3536
-3535
-3533
-3531
-3530
-3530
-3527
-3527
-3526
-3523
-3522
-3521
-3521
-3520
-3520
-3518
-3517
-3516
-3514
-3509
-3509
-3507
-3507
-3506
-3506
-3505
-3505
-3503
-3498
-3496
-3495
-3494
-3488
-3485
-3484
-3484
-3482
-3481
-3476
-3476
-3473
-3469
-3467
-3466
-3464
-3461
-3457
-3452
-3451
-3450
-3450
-3445
-3442
-3441
-3439
-3434
-3431
-3430
-3428
-3427
-3427
-3425
-3424
-3424
-3423
-3421
-3420
-3420
-3415
-3405
-3404
-3402
-3399
-3398
-3393
-3392
-3388
-3385
-3383
-3382
-3377
-3376
-3372
-3364
-3364
-3363
-3358
-3354
-3352
-3350
-3348
-3347
-3346
-3340
-3338
-3337
-3336
-3333
-3329
-3327
-3325
-3323
-3323
-3321
-3320
-3319
-3317
-3315
-3313
-3313
-3311
-3308
-3307
-3305
-3301
-3301
-3300
-3298
-3298
-3295
-3294
-3294
-3290
-3289
-3284
-3283
-3280
-3279
-3277
-3277
-3275
-3273
-3273
-3272
-3270
-3270
-3269
-3267
-3266
-3265
-3264
-3264
-3263
-3259
-3258
-3257
-3252
-3251
-3250
-3250
-3243
-3243
-3241
-3240
-3236
-3233
-3232
-3232
-3231
-3231
-3229
-3227
-3226
-3225
-3223
-3221
-3218
-3211
-3210
-3209
-3209
-3208
-3207
-3207
-3204
-3204
-3201
-3198
-3198
-3197
-3196
-3193
-3191
-3188
-3185
-3185
-3182
-3181
-3171
-3170
-3170
-3169
-3166
-3164
-3161
-3158
-3157
-3151
-3151
-3136
-3133
-3129
-3129
-3125
-3122
-3122
-3115
-3112
-3112
-3107
-3105
-3105
-3103
-3103
-3101
-3099
-3097
-3093
-3093
-3085
-3083
-3080
-3077
-3074
-3072
-3071
-3068
-3065
-3064
-3062
-3058
-3056
-3050
-3050
-3049
-3048
-3040
-3039
-3039
-3039
-3037
-3034
-3030
-3028
-3028
-3027
-3025
-3024
-3023
-3021
-3018
-3017
-3016
-3006
-3004
-2999
-2998
-2998
-2996
-2994
-2994
-2994
-2993
-2991
-2991
-2988
-2978
-2974
-2973
-2972
-2969
-2969
-2967
-2967
-2961
-2960
-2956
-2956
-2953
-2946
-2943
-2942
-2940
-2937
-2934
-2932
-2926
-2924
-2924
-2923
-2923
-2921
-2913
-2913
-2911
-2908
-2907
-2907
-2900
-2898
-2896
-2890
-2889
-2888
-2884
-2883
-2881
-2878
-2874
-2871
-2871
-2871
-2869
-2869
-2868
-2867
-2867
-2865
-2864
-2863
-2862
-2860
-2859
-2856
-2853
-2850
-2849
-2848
-2847
-2844
-2843
-2842
-2840
-2838
-2835
-2833
-2832
-2832
-2832
-2829
-2828
-2827
-2826
-2825
-2824
-2824
-2821
-2815
-2813
-2810
-2808
-2787
-2786
-2785
-2782
-2782
-2781
-2774
-2773
-2773
-2773
-2772
-2769
-2766
-2766
-2765
-2765
-2763
-2762
-2762
-2758
-2755
-2755
-2754
-2753
-2752
-2748
-2747
-2745
-2741
-2740
-2736
-2734
-2729
-2727
-2725
-2718
-2717
-2715
-2711
-2710
-2708
-2707
-2701
-2700
-2699
-2695
-2695
-2694
-2693
-2684
-2681
-2681
-2677
-2676
-2670
-2669
-2668
-2664
-2663
-2661
-2659
-2658
-2654
-2649
-2649
-2648
-2647
-2647
-2647
-2646
-2645
-2644
-2642
-2641
-2639
-2638
-2631
-2630
-2628
-2625
-2624
-2624
-2622
-2618
-2616
-2615
-2614
-2613
-2613
-2611
-2611
-2611
-2610
-2608
-2604
-2599
-2598
-2597
-2596
-2595
-2592
-2592
-2591
-2590
-2582
-2581
-2578
-2577
-2576
-2574
-2573
-2570
-2569
-2568
-2564
-2563
-2563
-2562
-2559
-2558
-2557
-2556
-2555
-2555
-2551
-2549
-2548
-2548
-2545
-2541
-2539
-2539
-2538
-2538
-2536
-2530
-2525
-2524
-2524
-2520
-2515
-2515
-2509
-2507
-2507
-2506
-2505
-2505
-2505
-2503
-2500
-2495
-2493
-2491
-2491
-2491
-2487
-2484
-2481
-2480
-2480
-2478
-2478
-2474
-2474
-2471
-2471
-2471
-2471
-2468
-2465
-2464
-2464
-2464
-2463
-2456
-2455
-2452
-2449
-2447
-2447
-2445
-2445
-2443
-2441
-2438
-2437
-2436
-2435
-2435
-2434
-2432
-2431
-2423
-2422
-2422
-2422
-2421
-2418
-2417
-2417
-2415
-2414
-2412
-2410
-2409
-2408
-2407
-2405
-2403
-2400
-2396
-2392
-2389
-2381
-2381
-2379
-2377
-2375
-2369
-2367
-2359
-2353
-2349
-2349
-2348
-2347
-2346
-2338
-2338
-2336
-2336
-2332
-2332
-2331
-2325
-2318
-2315
-2313
-2311
-2311
-2308
-2306
-2303
-2301
-2299
-2299
-2296
-2292
-2290
-2288
-2284
-2283
-2282
-2282
-2281
-2280
-2278
-2278
-2277
-2276
-2273
-2271
-2270
-2270
-2268
-2267
-2265
-2265
-2264
-2264
-2264
-2263
-2262
-2262
-2261
-2259
-2259
-2258
-2256
-2253
-2252
-2251
-2249
-2248
-2245
-2242
-2240
-2238
-2237
-2234
-2232
-2228
-2227
-2226
-2222
-2215
-2211
-2208
-2208
-2203
-2203
-2199
-2199
-2198
-2198
-2197
-2190
-2189
-2188
-2187
-2187
-2185
-2184
-2182
-2179
-2177
-2173
-2171
-2170
-2168
-2167
-2165
-2160
-2160
-2159
-2158
-2157
-2156
-2153
-2152
-2150
-2149
-2141
-2138
-2138
-2136
-2135
-2126
-2124
-2122
-2122
-2117
-2115
-2114
-2113
-2112
-2108
-2105
-2105
-2104
-2104
-2101
-2098
-2095
-2094
-2091
-2091
-2086
-2080
-2079
-2078
-2077
-2076
-2073
-2072
-2071
-2067
-2066
-2065
-2056
-2052
-2050
-2046
-2045
-2038
-2037
-2035
-2035
-2031
-2028
-2025
-2022
-2022
-2009
-2006
-2005
-2002
-2000
-1997
-1995
-1994
-1994
-1992
-1988
-1987
-1984
-1983
-1981
-1975
-1969
-1967
-1961
-1955
-1951
-1947
-1946
-1941
-1937
-1931
-1929
-1929
-1928
-1927
-1927
-1924
-1923
-1922
-1921
-1919
-1919
-1917
-1916
-1916
-1916
-1916
-1916
-1916
-1914
-1913
-1913
-1912
-1912
-1907
-1905
-1904
-1903
-1903
-1899
-1898
-1898
-1895
-1894
-1894
-1893
-1892
-1891
-1890
-1888
-1886
-1886
-1885
-1884
-1881
-1878
-1872
-1871
-1868
-1865
-1865
-1864
-1864
-1862
-1862
-1861
-1859
-1856
-1853
-1853
-1853
-1846
-1845
-1845
-1844
-1842
-1842
-1842
-1840
-1839
-1838
-1837
-1836
-1835
-1835
-1834
-1834
-1833
-1833
-1828
-1828
-1824
-1821
-1817
-1815
-1814
-1814
-1808
-1806
-1805
-1803
-1800
-1799
-1798
-1796
-1793
-1792
-1790
-1788
-1787
-1781
-1779
-1772
-1763
-1763
-1763
-1761
-1761
-1759
-1756
-1755
-1755
-1752
-1751
-1751
-1749
-1744
-1736
-1736
-1735
-1734
-1732
-1729
-1726
-1725
-1725
-1724
-1721
-1717
-1716
-1709
-1708
-1706
-1704
-1703
-1703
-1702
-1702
-1699
-1694
-1694
-1693
-1688
-1687
-1686
-1684
-1683
-1682
-1680
-1680
-1676
-1675
-1673
-1673
-1671
-1669
-1669
-1669
-1668
-1661
-1660
-1658
-1650
-1649
-1649
-1648
-1647
-1644
-1644
-1643
-1641
-1639
-1636
-1634
-1628
-1621
-1616
-1614
-1613
-1612
-1610
-1610
-1610
-1607
-1605
-1604
-1596
-1596
-1595
-1594
-1594
-1593
-1592
-1592
-1592
-1591
-1590
-1584
-1584
-1584
-1582
-1582
-1575
-1574
-1573
-1568
-1568
-1567
-1567
-1566
-1563
-1559
-1559
-1558
-1556
-1556
-1553
-1553
-1549
-1548
-1547
-1546
-1542
-1541
-1540
-1536
-1532
-1527
-1524
-1523
-1521
-1520
-1518
-1517
-1517
-1516
-1516
-1512
-1506
-1505
-1505
-1501
-1493
-1492
-1491
-1490
-1489
-1488
-1486
-1481
-1481
-1476
-1476
-1474
-1470
-1467
-1461
-1457
-1454
-1453
-1448
-1447
-1445
-1443
-1438
-1435
-1435
-1434
-1433
-1432
-1429
-1426
-1421
-1419
-1418
-1416
-1416
-1412
-1411
-1411
-1410
-1408
-1406
-1406
-1404
-1403
-1403
-1400
-1395
-1393
-1387
-1383
-1381
-1373
-1370
-1370
-1362
-1360
-1359
-1357
-1357
-1357
-1356
-1355
-1354
-1353
-1353
-1352
-1351
-1347
-1346
-1342
-1339
-1339
-1338
-1338
-1336
-1334
-1333
-1332
-1332
-1329
-1323
-1322
-1318
-1317
-1317
-1316
-1315
-1315
-1315
-1313
-1309
-1308
-1308
-1308
-1307
-1307
-1304
-1302
-1297
-1293
-1292
-1289
-1287
-1281
-1278
-1277
-1275
-1269
-1267
-1265
-1265
-1263
-1262
-1261
-1259
-1258
-1256
-1255
-1245
-1245
-1244
-1243
-1242
-1239
-1231
-1231
-1231
-1223
-1223
-1222
-1221
-1221
-1220
-1215
-1215
-1213
-1213
-1212
-1211
-1203
-1202
-1201
-1200
-1198
-1197
-1195
-1195
-1195
-1193
-1192
-1189
-1187
-1185
-1184
-1182
-1180
-1179
-1177
-1177
-1177
-1173
-1168
-1165
-1163
-1162
-1160
-1160
-1156
-1151
-1151
-1149
-1147
-1140
-1138
-1137
-1135
-1134
-1133
-1127
-1126
-1125
-1125
-1123
-1121
-1119
-1111
-1111
-1110
-1109
-1108
-1104
-1094
-1092
-1091
-1090
-1089
-1086
-1086
-1078
-1075
-1075
-1074
-1073
-1067
-1056
-1051
-1051
-1050
-1049
-1049
-1048
-1047
-1045
-1043
-1041
-1037
-1036
-1033
-1032
-1031
-1031
-1029
-1028
-1028
-1026
-1025
-1023
-1018
-1017
-1016
-1014
-1008
-1007
-1006
-1004
-998
-998
-995
-991
-990
-989
-986
-982
-982
-979
-978
-976
-972
-971
-968
-967
-966
-965
-958
-958
-957
-955
-954
-954
-953
-949
-949
-948
-945
-945
-940
-939
-938
-937
-935
-935
-932
-931
-931
-927
-927
-927
-926
-916
-913
-911
-910
-906
-906
-905
-904
-904
-902
-900
-898
-895
-893
-893
-891
-891
-891
-888
-887
-885
-883
-879
-875
-875
-869
-864
-856
-855
-855
-855
-855
-854
-854
-853
-852
-852
-851
-845
-843
-839
-839
-835
-834
-832
-832
-830
-829
-825
-820
-817
-815
-815
-814
-810
-806
-795
-795
-795
-794
-789
-787
-784
-784
-783
-771
-769
-765
-763
-758
-757
-756
-754
-753
-752
-751
-747
-747
-744
-741
-741
-741
-739
-739
-735
-734
-723
-722
-720
-718
-714
-713
-707
-705
-703
-702
-701
-700
-699
-694
-694
-689
-688
-688
-684
-683
-680
-679
-677
-673
-672
-670
-666
-664
-664
-662
-660
-659
-650
-648
-647
-647
-646
-639
-637
-634
-632
-632
-631
-629
-624
-621
-619
-619
-613
-612
-610
-598
-598
-596
-595
-593
-592
-592
-591
-590
-589
-588
-586
-583
-581
-580
-579
-576
-574
-568
-566
-565
-563
-561
-561
-561
-560
-558
-558
-556
-553
-551
-549
-545
-544
-541
-540
-540
-539
-535
-532
-522
-522
-520
-520
-515
-514
-509
-501
-499
-495
-493
-490
-481
-481
-480
-474
-471
-470
-467
-466
-460
-458
-456
-455
-452
-448
-445
-443
-437
-435
-432
-431
-423
-422
-422
-422
-421
-416
-416
-412
-412
-409
-408
-407
-404
-402
-401
-400
-395
-395
-392
-387
-386
-385
-383
-381
-377
-376
-376
-365
-362
-362
-361
-360
-359
-359
-356
-355
-344
-341
-339
-339
-336
-329
-329
-328
-325
-325
-323
-322
-319
-311
-307
-305
-304
-304
-299
-299
-296
-294
-292
-289
-287
-286
-285
-283
-283
-281
-280
-279
-278
-274
-272
-272
-271
-271
-263
-262
-262
-262
-261
-259
-257
-254
-253
-251
-250
-247
-245
-241
-238
-232
-230
-228
-227
-226
-225
-224
-220
-219
-218
-218
-217
-216
-215
-211
-210
-210
-205
-204
-203
-200
-199
-195
-192
-185
-182
-180
-175
-173
-173
-168
-167
-166
-165
-165
-164
-161
-160
-157
-155
-151
-142
-142
-141
-140
-140
-139
-138
-134
-133
-123
-122
-109
-108
-105
-105
-104
-102
-101
-101
-95
-94
-92
-90
-89
-89
-86
-86
-84
-83
-82
-80
-79
-76
-75
-73
-72
-71
-69
-67
-64
-63
-61
-61
-58
-54
-53
-52
-52
-51
-51
-51
-49
-42
-42
-39
-38
-38
-37
-30
-30
-29
-28
-27
-26
-19
-14
-11
-10
-10
-8
-3
-2
-1
-1
0
0
2
2
3
5
5
6
8
10
11
11
13
16
22
26
27
32
33
33
36
37
39
40
44
46
53
55
57
61
61
61
62
64
66
67
69
73
76
78
79
82
84
86
87
88
89
89
94
94
96
96
96
97
98
100
105
109
109
110
110
110
112
115
118
119
119
119
121
121
125
126
126
127
128
128
128
130
133
134
135
138
143
145
146
147
147
147
150
154
155
159
161
163
163
167
173
175
178
180
183
189
195
198
199
200
201
204
208
210
211
215
216
219
221
223
225
227
227
227
229
230
230
231
231
232
239
239
240
241
242
243
244
247
251
254
255
257
258
266
267
268
269
270
270
277
287
294
296
297
299
299
300
301
302
302
306
311
313
313
318
319
320
328
329
329
330
331
332
334
336
338
340
345
345
347
349
350
350
352
355
355
360
368
373
378
380
380
381
384
386
386
388
389
389
390
390
390
390
390
391
392
399
400
405
409
414
419
427
428
430
433
434
435
438
440
441
443
451
455
458
460
463
463
465
467
471
475
477
477
478
478
478
479
480
482
490
493
495
497
499
502
503
504
505
509
509
513
515
517
518
520
520
521
525
525
525
530
531
531
532
534
535
536
536
536
540
542
548
548
549
550
557
561
561
562
569
572
574
580
582
587
592
595
599
601
601
605
606
606
607
612
614
614
615
617
620
620
621
622
624
629
630
631
636
638
638
639
644
647
647
648
650
651
652
655
660
661
662
665
665
671
673
673
674
682
683
685
687
688
689
694
694
699
699
699
701
702
702
702
702
703
704
707
710
712
716
720
729
730
730
732
735
738
738
740
741
742
748
749
750
752
756
756
757
758
761
761
763
764
766
767
767
769
770
771
771
772
773
774
775
778
778
780
782
782
788
791
794
796
801
804
805
806
810
810
811
811
817
820
820
822
823
825
826
830
831
832
833
838
840
841
845
845
846
847
849
849
854
855
856
857
857
861
864
865
865
866
868
869
872
877
877
878
879
881
882
883
883
884
884
886
886
890
890
890
893
893
900
901
901
904
905
907
908
911
914
914
915
916
920
924
927
928
929
932
932
932
932
932
933
934
936
939
943
944
945
946
948
954
956
957
959
965
968
970
972
976
976
977
980
982
986
986
988
989
990
990
994
995
996
1006
1007
1009
1009
1010
1012
1013
1013
1014
1014
1019
1020
1021
1022
1022
1023
1024
1024
1027
1029
1037
1038
1039
1041
1042
1042
1046
1047
1047
1047
1048
1048
1049
1049
1052
1054
1055
1055
1056
1056
1057
1060
1062
1062
1063
1066
1069
1070
1072
1075
1075
1078
1078
1081
1088
1088
1091
1091
1092
1095
1095
1098
1099
1099
1100
1105
1105
1114
1114
1115
1116
1122
1123
1124
1129
1130
1132
1133
1137
1138
1141
1142
1142
1142
1143
1143
1146
1148
1149
1149
1152
1152
1158
1159
1161
1161
1161
1163
1168
1168
1170
1174
1175
1176
1179
1182
1184
1185
1189
1193
1196
1196
1199
1202
1204
1205
1207
1216
1217
1219
1222
1224
1227
1228
1232
1234
1236
1240
1240
1241
1241
1246
1246
1249
1249
1250
1255
1261
1266
1268
1273
1273
1277
1287
1287
1289
1292
1293
1295
1296
1296
1297
1300
1304
1304
1305
1307
1308
1309
1310
1316
1318
1320
1321
1324
1325
1326
1328
1331
1332
1337
1338
1338
1343
1344
1348
1349
1353
1355
1365
1365
1371
1372
1373
1375
1378
1385
1386
1386
1388
1390
1394
1396
1397
1403
1408
1408
1410
1412
1413
1415
1415
1416
1416
1417
1421
1421
1422
1422
1424
1425
1425
1425
1426
1430
1431
1432
1434
1434
1435
1439
1442
1442
1444
1449
1450
1450
1455
1456
1459
1462
1462
1466
1466
1472
1473
1474
1480
1483
1486
1490
1490
1491
1493
1494
1498
1502
1504
1506
1508
1511
1513
1513
1518
1520
1521
1531
1531
1535
1536
1536
1538
1542
1544
1545
1547
1549
1552
1552
1554
1554
1555
1556
1557
1558
1560
1561
1562
1566
1568
1568
1574
1575
1579
1580
1580
1583
1584
1584
1584
1585
1586
1587
1588
1588
1589
1590
1590
1591
1592
1593
1594
1595
1597
1597
1598
1601
1601
1601
1602
1603
1603
1606
1606
1608
1609
1614
1614
1615
1619
1633
1633
1635
1636
1636
1637
1642
1645
1646
1647
1647
1647
1648
1648
1648
1654
1655
1660
1662
1664
1665
1666
1666
1667
1667
1670
1671
1673
1674
1675
1677
1677
1678
1680
1683
1684
1684
1685
1688
1689
1690
1691
1691
1693
1702
1703
1708
1714
1715
1721
1722
1723
1725
1727
1728
1730
1730
1731
1731
1731
1732
1732
1735
1737
1742
1742
1743
1743
1748
1753
1753
1756
1759
1762
1762
1768
1770
1771
1771
1772
1773
1773
1774
1780
1781
1782
1784
1784
1791
1794
1795
1796
1797
1798
1801
1802
1805
1810
1814
1817
1822
1824
1827
1830
1832
1836
1837
1839
1842
1844
1845
1846
1846
1849
1850
1850
1851
1854
1854
1856
1857
1860
1861
1863
1864
1866
1868
1871
1872
1872
1872
1874
1874
1875
1876
1878
1884
1890
1890
1891
1892
1898
1898
1901
1903
1903
1904
1904
1905
1905
1905
1906
1906
1907
1912
1913
1914
1919
1921
1921
1922
1925
1925
1928
1928
1931
1933
1934
1936
1940
1943
1944
1944
1945
1946
1950
1950
1952
1958
1962
1962
1965
1966
1967
1969
1970
1971
1971
1976
1976
1977
1979
1980
1981
1985
1986
1986
1987
1989
1992
1994
1999
2005
2006
2007
2014
2014
2016
2018
2020
2023
2024
2024
2024
2027
2029
2029
2031
2033
2039
2041
2049
2051
2051
2056
2057
2057
2059
2063
2063
2065
2066
2066
2068
2073
2077
2077
2079
2080
2081
2082
2089
2094
2095
2098
2098
2098
2100
2102
2103
2104
2105
2106
2107
2107
2111
2111
2111
2112
2116
2123
2125
2126
2128
2128
2131
2133
2140
2141
2143
2149
2154
2161
2162
2163
2165
2166
2166
2166
2167
2168
2170
2170
2174
2177
2178
2178
2180
2181
2182
2184
2185
2185
2193
2194
2194
2197
2197
2202
2205
2207
2208
2209
2214
2214
2215
2218
2218
2219
2220
2221
2222
2223
2223
2227
2228
2228
2234
2235
2235
2235
2236
2239
2241
2241
2241
2249
2250
2251
2252
2254
2263
2269
2270
2277
2281
2281
2281
2284
2284
2285
2286
2286
2290
2293
2296
2297
2297
2297
2298
2304
2305
2305
2306
2306
2308
2312
2313
2314
2319
2320
2323
2325
2326
2326
2335
2335
2337
2339
2340
2343
2345
2349
2355
2356
2358
2361
2363
2363
2364
2366
2369
2370
2371
2374
2374
2378
2380
2383
2386
2386
2387
2387
2388
2391
2392
2395
2397
2398
2398
2403
2404
2409
2412
2416
2417
2418
2429
2430
2430
2430
2431
2436
2438
2439
2439
2440
2441
2441
2442
2443
2450
2450
2451
2452
2456
2457
2458
2460
2460
2460
2461
2465
2465
2466
2466
2467
2468
2478
2482
2482
2483
2485
2492
2492
2493
2496
2498
2498
2498
2498
2505
2508
2508
2513
2516
2521
2521
2522
2524
2524
2527
2528
2539
2539
2545
2546
2547
2547
2549
2551
2557
2559
2566
2566
2566
2567
2568
2569
2569
2571
2571
2572
2574
2576
2585
2586
2587
2589
2590
2591
2591
2591
2592
2593
2595
2595
2595
2597
2601
2601
2604
2612
2615
2616
2617
2618
2618
2620
2629
2630
2630
2632
2632
2636
2638
2654
2655
2655
2655
2658
2658
2664
2666
2667
2667
2672
2672
2675
2676
2677
2679
2680
2686
2688
2689
2690
2690
2693
2696
2698
2698
2699
2700
2702
2707
2711
2719
2720
2721
2723
2723
2723
2726
2728
2728
2729
2742
2742
2743
2744
2746
2754
2757
2761
2761
2761
2762
2764
2772
2772
2772
2783
2784
2787
2790
2792
2793
2793
2796
2797
2798
2799
2799
2800
2804
2805
2807
2808
2809
2811
2816
2819
2819
2822
2825
2825
2826
2836
2836
2837
2840
2844
2848
2855
2856
2857
2857
2864
2866
2868
2871
2872
2874
2874
2875
2877
2879
2879
2880
2881
2881
2881
2881
2881
2885
2887
2889
2892
2894
2895
2896
2896
2896
2896
2898
2900
2900
2900
2907
2908
2908
2908
2908
2909
2911
2914
2914
2915
2915
2916
2917
2919
2919
2920
2921
2923
2925
2926
2926
2931
2933
2934
2938
2939
2941
2942
2943
2943
2943
2946
2950
2950
2953
2953
2954
2955
2957
2958
2960
2960
2960
2961
2966
2967
2968
2969
2969
2971
2971
2975
2978
2989
2989
2990
2990
2991
2999
3001
3001
3002
3003
3005
3006
3009
3011
3012
3014
3015
3017
3017
3017
3019
3021
3021
3021
3021
3022
3024
3024
3026
3027
3032
3042
3043
3044
3050
3051
3052
3056
3056
3056
3057
3057
3058
3060
3064
3065
3068
3068
3069
3072
3073
3075
3076
3079
3080
3080
3081
3081
3082
3087
3094
3094
3099
3099
3102
3103
3105
3105
3106
3108
3109
3113
3114
3116
3117
3117
3117
3122
3124
3125
3126
3128
3129
3131
3131
3132
3132
3134
3134
3136
3137
3139
3140
3145
3145
3145
3147
3150
3154
3155
3156
3157
3162
3164
3166
3168
3170
3170
3178
3182
3182
3184
3186
3189
3190
3190
3191
3191
3191
3194
3194
3198
3199
3199
3203
3203
3210
3211
3214
3215
3217
3220
3220
3221
3222
3223
3223
3224
3225
3230
3232
3233
3234
3235
3235
3235
3245
3246
3248
3249
3249
3252
3253
3260
3267
3268
3274
3277
3277
3278
3280
3281
3281
3281
3283
3283
3285
3287
3287
3287
3288
3293
3293
3296
3297
3298
3306
3309
3313
3319
3319
3319
3320
3322
3322
3323
3324
3324
3328
3328
3329
3334
3335
3337
3339
3339
3340
3341
3343
3344
3344
3344
3344
3345
3346
3346
3348
3349
3351
3351
3351
3354
3355
3361
3364
3374
3374
3383
3383
3383
3390
3390
3393
3395
3396
3400
3400
3401
3404
3405
3405
3406
3418
3423
3427
3427
3428
3434
3440
3440
3441
3441
3443
3444
3448
3448
3452
3453
3454
3455
3457
3457
3458
3461
3462
3468
3468
3473
3473
3476
3476
3477
3478
3479
3482
3484
3487
3487
3490
3493
3493
3493
3494
3495
3497
3499
3513
3514
3516
3516
3517
3519
3522
3524
3524
3528
3531
3531
3532
3539
3545
3545
3545
3550
3551
3551
3555
3563
3567
3568
3569
3574
3575
3576
3576
3578
3579
3582
3582
3582
3583
3583
3584
3585
3587
3588
3589
3592
3594
3594
3597
3598
3601
3602
3604
3604
3608
3613
3613
3614
3615
3617
3617
3619
3620
3625
3626
3628
3632
3635
3636
3636
3639
3641
3645
3648
3648
3652
3661
3666
3670
3672
3676
3676
3678
3682
3684
3685
3685
3690
3693
3694
3695
3697
3697
3698
3702
3705
3707
3708
3711
3713
3716
3719
3722
3726
3727
3731
3731
3732
3732
3733
3734
3736
3736
3739
3741
3742
3743
3745
3747
3748
3751
3753
3753
3755
3755
3759
3760
3771
3772
3775
3775
3775
3776
3778
3779
3781
3782
3784
3784
3785
3787
3790
3793
3797
3798
3798
3799
3801
3804
3806
3807
3810
3811
3811
3811
3813
3813
3817
3820
3822
3822
3823
3823
3824
3826
3828
3828
3831
3831
3842
3852
3854
3856
3858
3863
3864
3866
3866
3867
3873
3875
3875
3879
3880
3880
3882
3885
3886
3888
3888
3892
3892
3895
3904
3905
3906
3906
3907
3909
3913
3914
3915
3915
3925
3927
3932
3934
3936
3937
3949
3950
3953
3955
3955
3957
3957
3958
3959
3966
3967
3968
3969
3970
3970
3970
3971
3974
3978
3982
3983
3984
3984
3984
3984
3991
3993
3995
3996
3997
4003
4005
4011
4011
4012
4019
4023
4024
4025
4026
4030
4033
4036
4038
4039
4042
4043
4045
4047
4049
4050
4053
4054
4055
4058
4065
4065
4068
4069
4070
4072
4075
4081
4081
4084
4093
4093
4094
4094
4095
4098
4098
4099
4099
4108
4109
4110
4115
4117
4120
4121
4121
4122
4123
4124
4124
4130
4135
4136
4138
4140
4142
4144
4148
4150
4154
4159
4160
4163
4163
4165
4166
4167
4170
4171
4173
4173
4173
4177
4178
4179
4180
4181
4182
4183
4186
4187
4190
4193
4194
4197
4198
4199
4211
4212
4213
4214
4216
4217
4221
4222
4224
4224
4225
4228
4228
4231
4237
4239
4243
4244
4255
4258
4259
4261
4263
4264
4265
4268
4268
4270
4270
4274
4275
4278
4280
4280
4282
4283
4283
4286
4288
4288
4289
4291
4294
4297
4301
4302
4303
4304
4304
4305
4306
4307
4310
4310
4310
4311
4315
4316
4319
4319
4320
4322
4325
4326
4327
4329
4330
4330
4331
4335
4336
4337
4338
4340
4341
4341
4341
4344
4345
4350
4354
4357
4358
4363
4363
4364
4364
4368
4369
4369
4371
4373
4377
4379
4382
4382
4382
4384
4385
4387
4389
4395
4401
4404
4405
4406
4407
4408
4410
4411
4411
4416
4418
4420
4426
4438
4439
4441
4445
4447
4451
4452
4455
4455
4456
4456
4463
4463
4464
4467
4467
4468
4474
4483
4483
4484
4486
4486
4486
4491
4491
4494
4497
4498
4500
4510
4511
4515
4517
4521
4521
4522
4522
4523
4525
4525
4526
4530
4530
4534
4546
4550
4550
4552
4557
4561
4563
4563
4564
4567
4568
4570
4575
4575
4575
4576
4582
4583
4584
4585
4585
4586
4590
4590
4591
4594
4600
4601
4603
4605
4606
4608
4609
4610
4613
4616
4617
4617
4618
4626
4627
4631
4632
4633
4633
4633
4635
4636
4637
4638
4640
4641
4642
4648
4649
4649
4649
4651
4651
4652
4656
4657
4660
4666
4668
4669
4670
4670
4682
4682
4683
4683
4686
4687
4688
4690
4692
4693
4693
4698
4699
4699
4701
4702
4703
4703
4704
4704
4709
4710
4711
4711
4712
4713
4720
4722
4729
4731
4733
4734
4736
4736
4736
4744
4745
4745
4746
4747
4748
4750
4750
4753
4756
4757
4766
4768
4774
4775
4776
4776
4777
4781
4782
4783
4783
4787
4787
4792
4794
4795
4799
4799
4799
4800
4800
4800
4800
4802
4803
4806
4807
4808
4811
4812
4816
4817
4820
4820
4821
4823
4829
4832
4833
4834
4835
4842
4843
4848
4848
4851
4852
4856
4861
4863
4863
4864
4866
4866
4867
4871
4875
4877
4877
4882
4883
4883
4888
4896
4896
4897
4898
4900
4901
4902
4902
4903
4906
4907
4909
4911
4912
4915
4924
4924
4925
4926
4931
4932
4932
4935
4936
4945
4945
4950
4953
4953
4959
4962
4967
4968
4972
4973
4975
4977
4978
4979
4988
4992
4994
4996
4998
5002
5002
5005
5005
5005
5006
5008
5010
5010
5011
5012
5013
5015
5017
5018
5020
5021
5028
5032
5034
5035
5036
5036
5036
5038
5038
5038
5045
5047
5051
5054
5056
5060
5060
5064
5065
5065
5069
5071
5071
5071
5072
5072
5082
5084
5087
5087
5089
5091
5093
5094
5097
5104
5104
5104
5104
5105
5107
5108
5108
5113
5114
5115
5116
5117
5120
5122
5127
5128
5129
5139
5143
5144
5148
5154
5154
5159
5159
5161
5162
5162
5163
5165
5166
5167
5168
5170
5171
5172
5176
5177
5177
5182
5185
5186
5188
5188
5190
5192
5192
5194
5195
5195
5196
5197
5201
5203
5206
5206
5209
5211
5213
5215
5216
5217
5219
5219
5220
5226
5226
5226
5226
5227
5229
5229
5230
5233
5239
5240
5242
5243
5244
5244
5245
5249
5250
5251
5251
5253
5253
5253
5253
5253
5258
5259
5260
5263
5265
5265
5266
5268
5272
5273
5274
5278
5283
5287
5292
5293
5296
5297
5304
5305
5305
5307
5309
5311
5316
5316
5321
5322
5324
5325
5326
5328
5329
5332
5332
5333
5334
5335
5336
5337
5339
5340
5344
5345
5346
5348
5353
5354
5356
5357
5359
5359
5360
5364
5365
5365
5367
5369
5372
5372
5374
5376
5381
5381
5384
5384
5389
5391
5394
5395
5398
5402
5404
5405
5406
5407
5410
5412
5416
5418
5422
5422
5425
5425
5426
5427
5428
5430
5430
5437
5438
5439
5440
5442
5446
5446
5447
5448
5449
5450
5451
5452
5457
5460
5468
5469
5470
5473
5474
5475
5475
5477
5478
5479
5483
5483
5484
5485
5489
5496
5496
5497
5497
5500
5503
5510
5511
5512
5514
5515
5516
5517
5519
5519
5519
5520
5520
5522
5525
5525
5527
5534
5540
5541
5546
5548
5549
5553
5554
5554
5556
5558
5559
5559
5561
5561
5564
5565
5567
5569
5570
5571
5572
5573
5573
5573
5576
5580
5583
5585
5589
5593
5607
5609
5609
5618
5620
5620
5620
5621
5623
5631
5632
5638
5646
5649
5653
5654
5655
5656
5656
5657
5657
5659
5659
5669
5669
5670
5671
5672
5677
5677
5677
5680
5680
5683
5684
5685
5686
5686
5687
5697
5698
5698
5701
5704
5704
5706
5707
5708
5711
5713
5717
5718
5720
5720
5722
5725
5742
5743
5744
5746
5749
5750
5751
5752
5754
5754
5760
5761
5769
5769
5771
5776
5779
5779
5779
5782
5788
5791
5792
5796
5797
5798
5798
5798
5798
5799
5800
5800
5802
5802
5804
5807
5809
5812
5815
5817
5818
5818
5824
5829
5831
5832
5834
5836
5840
5841
5843
5844
5844
5845
5846
5846
5848
5849
5849
5850
5850
5853
5855
5856
5856
5857
5857
5857
5858
5859
5859
5860
5860
5863
5864
5873
5878
5878
5879
5880
5880
5881
5882
5882
5884
5885
5890
5893
5899
5900
5900
5900
5906
5906
5907
5909
5912
5913
5915
5918
5920
5920
5923
5930
5933
5937
5937
5938
5941
5941
5947
5950
5952
5956
5957
5959
5960
5960
5961
5961
5962
5964
5965
5967
5973
5973
5979
5982
5983
5983
5986
5986
5988
5989
5990
5990
5994
5996
5998
5999
6005
6009
6009
6010
6011
6015
6015
6016
6017
6017
6018
6022
6022
6024
6028
6029
6030
6037
6040
6041
6042
6044
6048
6049
6051
6057
6063
6068
6070
6071
6072
6072
6073
6075
6076
6078
6078
6082
6082
6085
6086
6090
6091
6094
6097
6097
6099
6099
6102
6103
6103
6104
6105
6108
6110
6111
6111
6114
6124
6126
6127
6127
6129
6130
6132
6133
6134
6138
6138
6140
6144
6145
6146
6148
6149
6149
6150
6155
6160
6161
6165
6165
6168
6169
6170
6173
6184
6185
6192
6192
6193
6193
6193
6194
6196
6197
6200
6201
6205
6208
6209
6212
6212
6213
6214
6214
6214
6214
6219
6219
6220
6221
6223
6225
6232
6233
6233
6234
6234
6238
6240
6241
6241
6243
6243
6244
6249
6249
6250
6252
6254
6256
6257
6262
6264
6264
6268
6268
6270
6271
6274
6275
6275
6275
6282
6284
6285
6286
6286
6289
6290
6291
6291
6292
6293
6293
6296
6296
6296
6297
6298
6299
6300
6301
6302
6303
6304
6306
6307
6307
6307
6308
6309
6309
6310
6317
6317
6318
6319
6320
6321
6322
6323
6331
6334
6337
6338
6340
6340
6343
6343
6358
6360
6365
6367
6370
6378
6379
6383
6387
6387
6389
6390
6390
6392
6394
6396
6396
6399
6400
6405
6405
6409
6410
6418
6419
6422
6423
6427
6428
6429
6430
6430
6431
6433
6440
6440
6444
6447
6452
6454
6454
6457
6459
6460
6463
6463
6467
6467
6468
6471
6472
6474
6479
6482
6487
6490
6491
6497
6498
6500
6502
6502
6506
6509
6510
6511
6512
6513
6514
6515
6524
6526
6528
6529
6529
6529
6531
6531
6534
6538
6539
6541
6541
6543
6543
6545
6548
6549
6549
6553
6553
6556
6556
6558
6560
6562
6562
6566
6567
6570
6571
6573
6575
6575
6579
6580
6580
6582
6582
6583
6584
6586
6588
6589
6592
6592
6593
6595
6598
6600
6603
6603
6604
6604
6606
6607
6608
6609
6609
6610
6611
6612
6612
6618
6619
6621
6622
6623
6624
6624
6624
6626
6628
6628
6629
6631
6632
6633
6633
6636
6642
6643
6647
6648
6649
6649
6652
6655
6657
6657
6658
6658
6666
6668
6672
6673
6675
6676
6679
6683
6688
6691
6693
6694
6699
6702
6705
6706
6708
6708
6708
6709
6710
6712
6712
6713
6713
6713
6714
6715
6723
6724
6725
6725
6725
6726
6736
6737
6737
6738
6743
6744
6747
6747
6748
6751
6752
6755
6756
6757
6757
6760
6763
6764
6764
6766
6767
6768
6772
6774
6776
6777
6780
6781
6791
6795
6797
6799
6801
6801
6802
6808
6808
6814
6815
6815
6818
6822
6822
6823
6823
6824
6827
6828
6828
6832
6833
6841
6842
6842
6842
6843
6846
6850
6850
6851
6853
6853
6853
6853
6853
6854
6863
6864
6869
6871
6872
6873
6874
6875
6876
6877
6877
6878
6882
6889
6891
6892
6895
6896
6900
6901
6906
6906
6906
6910
6914
6915
6917
6920
6922
6922
6926
6930
6931
6931
6933
6933
6935
6937
6939
6940
6945
6946
6948
6948
6949
6949
6950
6952
6956
6956
6957
6957
6958
6959
6961
6962
6964
6965
6965
6965
6966
6966
6967
6977
6979
6979
6979
6980
6983
6983
6987
6988
6990
6990
6991
6997
6999
7002
7003
7006
7008
7009
7009
7014
7016
7029
7031
7036
7040
7042
7044
7046
7047
7048
7048
7049
7050
7050
7054
7056
7057
7062
7063
7069
7070
7071
7074
7074
7076
7079
7082
7087
7093
7095
7095
7097
7104
7108
7111
7114
7116
7117
7119
7121
7123
7124
7125
7125
7128
7129
7131
7132
7133
7135
7136
7137
7147
7149
7150
7151
7151
7153
7153
7155
7158
7159
7160
7161
7165
7167
7174
7174
7178
7179
7183
7187
7189
7190
7191
7193
7196
7197
7197
7198
7198
7201
7202
7203
7204
7209
7212
7213
7218
7218
7221
7222
7227
7227
7232
7236
7236
7237
7240
7241
7248
7252
7254
7254
7254
7257
7257
7260
7264
7268
7269
7271
7273
7273
7274
7276
7278
7278
7279
7284
7289
7292
7294
7297
7302
7302
7308
7308
7311
7313
7316
7316
7316
7320
7327
7330
7331
7332
7333
7337
7339
7339
7341
7341
7343
7344
7347
7347
7348
7349
7349
7349
7349
7351
7353
7355
7356
7360
7361
7361
7362
7362
7365
7366
7366
7367
7369
7370
7372
7372
7374
7377
7377
7378
7379
7381
7381
7382
7384
7384
7385
7385
7387
7389
7390
7391
7393
7393
7397
7398
7400
7402
7402
7403
7403
7408
7408
7408
7409
7411
7419
7423
7424
7425
7430
7435
7437
7438
7439
7440
7440
7442
7442
7443
7445
7457
7458
7458
7461
7462
7463
7463
7468
7470
7470
7471
7472
7474
7474
7475
7475
7478
7478
7478
7488
7488
7488
7489
7490
7490
7495
7498
7506
7508
7509
7512
7514
7515
7517
7519
7526
7528
7529
7533
7536
7542
7544
7550
7550
7551
7553
7553
7563
7565
7567
7571
7571
7572
7579
7584
7584
7585
7587
7589
7595
7595
7597
7598
7599
7601
7603
7604
7604
7608
7609
7609
7609
7613
7617
7617
7618
7618
7620
7624
7624
7625
7626
7627
7629
7630
7631
7632
7633
7633
7634
7634
7636
7639
7644
7647
7648
7649
7650
7651
7652
7653
7653
7656
7657
7657
7660
7660
7660
7663
7668
7669
7669
7673
7677
7678
7679
7683
7683
7689
7692
7693
7695
7696
7698
7699
7699
7701
7702
7702
7704
7705
7706
7707
7710
7714
7715
7715
7716
7720
7720
7724
7724
7727
7734
7735
7736
7737
7738
7738
7739
7746
7748
7749
7756
7757
7764
7764
7769
7769
7770
7772
7774
7774
7779
7782
7789
7790
7790
7792
7794
7795
7797
7803
7805
7806
7808
7809
7813
7817
7817
7821
7821
7822
7823
7824
7829
7829
7834
7835
7836
7836
7840
7841
7841
7843
7848
7853
7855
7855
7856
7858
7862
7869
7869
7870
7870
7880
7880
7880
7882
7882
7883
7886
7886
7889
7892
7892
7896
7897
7897
7899
7899
7901
7903
7904
7906
7911
7912
7914
7914
7916
7919
7919
7922
7925
7930
7931
7932
7935
7937
7938
7939
7944
7948
7948
7950
7956
7956
7959
7963
7963
7969
7969
7976
7977
7982
7986
7986
7990
8000
8006
8006
8008
8008
8010
8015
8018
8019
8019
8021
8025
8025
8025
8026
8027
8028
8031
8035
8039
8039
8042
8042
8044
8045
8045
8048
8050
8052
8054
8054
8058
8062
8064
8067
8067
8069
8070
8071
8072
8073
8077
8077
8078
8079
8082
8084
8088
8094
8099
8099
8103
8104
8105
8107
8112
8112
8121
8124
8125
8125
8127
8128
8128
8133
8133
8134
8135
8140
8142
8143
8143
8143
8145
8148
8148
8148
8148
8150
8152
8155
8156
8156
8157
8161
8163
8163
8164
8165
8167
8167
8175
8184
8190
8192
8192
8194
8197
8197
8199
8202
8203
8204
8210
8211
8211
8214
8215
8218
8222
8227
8227
8230
8230
8231
8231
8236
8237
8244
8244
8245
8252
8252
8254
8255
8256
8258
8259
8261
8262
8262
8266
8266
8266
8269
8273
8276
8278
8279
8283
8284
8286
8288
8288
8289
8290
8292
8294
8294
8296
8298
8299
8299
8299
8299
8300
8300
8301
8305
8307
8316
8318
8318
8319
8324
8324
8325
8325
8329
8332
8338
8339
8339
8339
8340
8346
8347
8349
8352
8353
8356
8360
8360
8361
8361
8363
8364
8365
8365
8366
8371
8371
8371
8374
8374
8375
8378
8381
8382
8386
8390
8393
8395
8396
8402
8404
8404
8405
8406
8406
8407
8408
8409
8411
8411
8417
8417
8422
8422
8423
8423
8424
8425
8427
8429
8433
8434
8439
8439
8443
8449
8452
8452
8454
8457
8458
8462
8467
8468
8468
8469
8469
8474
8475
8475
8477
8477
8478
8478
8479
8480
8481
8482
8482
8482
8482
8483
8484
8484
8486
8486
8490
8493
8495
8497
8498
8500
8501
8501
8505
8508
8509
8512
8518
8518
8522
8524
8525
8527
8528
8531
8531
8532
8532
8534
8535
8535
8538
8538
8542
8542
8545
8545
8547
8548
8554
8559
8561
8563
8565
8565
8565
8567
8571
8572
8577
8577
8578
8580
8580
8582
8585
8585
8586
8588
8590
8590
8591
8591
8593
8594
8595
8597
8598
8598
8602
8604
8604
8606
8608
8608
8610
8612
8612
8613
8616
8618
8621
8623
8625
8627
8627
8635
8637
8638
8640
8641
8641
8644
8645
8645
8647
8649
8651
8651
8652
8654
8658
8659
8661
8662
8663
8664
8666
8670
8672
8674
8678
8679
8679
8680
8684
8690
8691
8692
8692
8693
8698
8699
8699
8701
8703
8705
8707
8707
8709
8710
8710
8712
8714
8714
8715
8718
8718
8719
8720
8722
8724
8725
8726
8726
8728
8731
8732
8734
8738
8739
8741
8747
8749
8749
8750
8754
8755
8756
8756
8757
8757
8761
8762
8762
8765
8765
8767
8769
8773
8774
8775
8777
8778
8779
8781
8784
8786
8787
8788
8788
8789
8789
8789
8793
8795
8797
8798
8801
8802
8803
8804
8807
8809
8811
8811
8813
8815
8816
8818
8818
8821
8823
8823
8824
8826
8826
8830
8834
8838
8838
8839
8840
8841
8842
8843
8845
8846
8847
8852
8853
8856
8856
8857
8857
8859
8864
8871
8873
8875
8876
8877
8878
8882
8885
8885
8885
8886
8887
8889
8893
8894
8894
8894
8894
8901
8902
8907
8908
8911
8912
8920
8922
8923
8923
8923
8925
8926
8926
8928
8935
8935
8936
8938
8939
8939
8941
8941
8943
8945
8945
8948
8949
8950
8951
8953
8955
8955
8960
8967
8967
8971
8973
8976
8976
8976
8979
8981
8981
8981
8985
8986
8986
8992
8992
8996
8996
8998
8999
9000
9001
9005
9007
9010
9018
9019
9020
9023
9029
9030
9031
9036
9037
9042
9043
9045
9046
9047
9047
9051
9054
9055
9055
9062
9064
9065
9066
9067
9072
9075
9077
9078
9079
9081
9091
9091
9092
9096
9096
9097
9098
9100
9102
9103
9104
9105
9105
9107
9107
9114
9116
9117
9129
9132
9132
9133
9136
9137
9137
9139
9139
9139
9145
9145
9146
9147
9152
9153
9155
9162
9162
9163
9165
9165
9167
9168
9168
9169
9170
9170
9170
9171
9174
9177
9177
9178
9181
9184
9188
9188
9189
9195
9196
9196
9196
9198
9202
9202
9202
9204
9216
9218
9218
9223
9223
9229
9229
9230
9234
9235
9240
9249
9249
9252
9253
9254
9255
9257
9258
9260
9260
9260
9261
9263
9265
9269
9271
9272
9272
9277
9278
9278
9278
9280
9282
9285
9286
9286
9287
9288
9292
9294
9297
9304
9307
9308
9311
9313
9315
9315
9315
9318
9320
9321
9324
9324
9325
9329
9330
9330
9333
9338
9338
9340
9341
9342
9344
9345
9351
9351
9351
9352
9352
9352
9355
9366
9369
9369
9370
9373
9374
9375
9376
9378
9384
9386
9386
9386
9388
9389
9391
9394
9395
9399
9403
9403
9407
9408
9417
9420
9421
9423
9426
9428
9428
9431
9433
9437
9439
9440
9442
9444
9445
9446
9448
9449
9460
9461
9463
9463
9466
9467
9468
9469
9469
9469
9471
9471
9474
9475
9475
9475
9476
9479
9481
9483
9490
9492
9494
9496
9503
9507
9507
9516
9517
9517
9517
9520
9520
9520
9521
9524
9526
9527
9527
9528
9528
9529
9531
9537
9538
9539
9541
9546
9547
9547
9548
9553
9561
9566
9566
9570
9571
9572
9573
9577
9578
9578
9578
9579
9581
9582
9583
9585
9585
9586
9587
9588
9590
9591
9594
9594
9594
9597
9599
9599
9602
9605
9606
9608
9608
9611
9613
9615
9618
9621
9622
9626
9629
9630
9635
9636
9639
9639
9640
9645
9648
9652
9653
9653
9654
9657
9657
9657
9657
9659
9660
9660
9665
9667
9668
9673
9673
9674
9675
9676
9679
9680
9681
9684
9684
9686
9688
9688
9688
9689
9693
9695
9697
9697
9697
9698
9700
9700
9701
9701
9705
9712
9714
9716
9716
9728
9733
9734
9734
9742
9744
9744
9749
9750
9750
9753
9754
9755
9756
9756
9757
9757
9766
9766
9767
9768
9769
9772
9774
9777
9780
9780
9781
9788
9789
9793
9797
9798
9799
9802
9802
9804
9807
9811
9812
9813
9815
9815
9817
9824
9824
9827
9827
9829
9830
9830
9831
9832
9833
9833
9838
9843
9844
9850
9854
9855
9859
9861
9863
9868
9872
9873
9875
9876
9878
9878
9878
9878
9888
9889
9890
9890
9890
9892
9893
9894
9894
9895
9900
9900
9901
9902
9904
9906
9906
9907
9913
9913
9918
9920
9923
9923
9926
9927
9934
9934
9934
9936
9936
9938
9938
9939
9939
9939
9940
9941
9941
9944
9945
9947
9948
9949
9951
9955
9956
9960
9965
9968
9971
9971
9971
9972
9973
9974
9978
9981
9982
9983
9989
9993
9994
9995
9996
9999
